12195263,12195269,12195301,12195331,12195343,12195361,12195371,12195373,12195389,12195401,12195413,12195427,12195437,12195461,12195481,12195487,12195499,12195527,12195529,12195553,12195559,12195563,12195569,12195577,12195593,12195619,12195629,12195637,12195641,12195643,12195661,12195697,12195719,12195731,12195761,12195767,12195779,12195787,12195793,12195811,12195847,12195857,12195881,12195947,12195973,12195991,12196001,12196013,12196031,12196069,12196087,12196109,12196159,12196169,12196193,12196207,12196213,12196253,12196313,12196321,12196343,12196351,12196363,12196369,12196427,12196441,12196447,12196469,12196517,12196549,12196553,12196567,12196579,12196603,12196619,12196637,12196661,12196663,12196669,12196697,12196753,12196757,12196759,12196783,12196813,12196817,12196819,12196853,12196867,12196901,12196949,12196957,12196997,12196999,12197027,12197033,12197039,12197051,12197083,12197089,12197093,12197113,12197123,12197189,12197191,12197219,12197231,12197233,12197243,12197257,12197281,12197321,12197323,12197329,12197369,12197399,12197413,12197441,12197443,12197489,12197491,12197501,12197519,12197527,12197557,12197593,12197609,12197611,12197617,12197641,12197651,12197657,12197701,12197723,12197737,12197747,12197749,12197821,12197839,12197851,12197879,12197903,12197909,12197917,12197921,12197947,12197963,12197971,12197989,12198001,12198007,12198023,12198029,12198037,12198059,12198071,12198079,12198083,12198113,12198139,12198157,12198161,12198217,12198229,12198259,12198269,12198281,12198289,12198293,12198301,12198331,12198337,12198341,12198371,12198377,12198379,12198383,12198391,12198397,12198413,12198421,12198467,12198479,12198499,12198509,12198539,12198547,12198553,12198559,12198569,12198583,12198611,12198629,12198631,12198649,12198653,12198677,12198691,12198751,12198761,12198773,12198787,12198793,12198827,12198829,12198833,12198839,12198847,12198859,12198869,12198883,12198887,12198889,12198913,12198917,12198919,12198929,12198941,12198959,12198961,12199001,12199021,12199037,12199043,12199051,12199067,12199069,12199073,12199087,12199093,12199097,12199133,12199147,12199157,12199189,12199199,12199211,12199237,12199241,12199247,12199261,12199279,12199283,12199289,12199321,12199331,12199333,12199351,12199393,12199403,12199457,12199507,12199513,12199519,12199531,12199543,12199547,12199549,12199553,12199567,12199571,12199609,12199643,12199669,12199697,12199721,12199739,12199757,12199783,12199813,12199841,12199861,12199879,12199883,12199903,12199907,12199909,12199927,12199933,12199937,12199949,12199951,12199969,12199991,12199997,12200009,12200011,12200029,12200053,12200059,12200063,12200117,12200129,12200137,12200171,12200179,12200239,12200263,12200291,12200297,12200303,12200323,12200333,12200341,12200351,12200359,12200371,12200399,12200431,12200437,12200443,12200471,12200477,12200483,12200521,12200533,12200537,12200581,12200593,12200597,12200599,12200621,12200647,12200651,12200687,12200689,12200693,12200719,12200729,12200761,12200779,12200789,12200807,12200827,12200843,12200857,12200897,12200899,12200927,12200939,12200953,12200957,12200963,12200989,12201041,12201043,12201061,12201089,12201131,12201139,12201143,12201151,12201191,12201193,12201229,12201251,12201263,12201269,12201283,12201311,12201323,12201331,12201337,12201347,12201353,12201367,12201407,12201419,12201457,12201467,12201479,12201491,12201493,12201499,12201503,12201509,12201557,12201583,12201587,12201593,12201599,12201611,12201619,12201643,12201659,12201671,12201677,12201703,12201719,12201737,12201757,12201793,12201797,12201803,12201821,12201829,12201859,12201881,12201901,12201923,12201961,12201991,12202007,12202019,12202027,12202037,12202049,12202061,12202097,12202117,12202129,12202139,12202171,12202181,12202207,12202217,12202219,12202249,12202271,12202279,12202291,12202303,12202319,12202331,12202339,12202361,12202363,12202367,12202381,12202423,12202429,12202457,12202471,12202483,12202493,12202507,12202529,12202639,12202661,12202679,12202691,12202709,12202733,12202739,12202819,12202837,12202843,12202847,12202849,12202873,12202907,12202913,12202919,12202961,12202969,12202979,12203003,12203011,12203021,12203039,12203047,12203053,12203063,12203069,12203077,12203083,12203089,12203137,12203141,12203153,12203173,12203183,12203203,12203207,12203231,12203237,12203251,12203299,12203309,12203327,12203341,12203353,12203381,12203393,12203417,12203419,12203431,12203437,12203449,12203479,12203489,12203507,12203561,12203617,12203623,12203627,12203651,12203657,12203663,12203687,12203689,12203699,12203753,12203759,12203771,12203803,12203831,12203837,12203839,12203881,12203899,12203903,12203911,12203927,12203929,12203941,12203981,12204001,12204037,12204047,12204077,12204083,12204089,12204103,12204109,12204139,12204167,12204169,12204197,12204211,12204221,12204223,12204229,12204239,12204253,12204259,12204263,12204271,12204281,12204323,12204341,12204377,12204383,12204397,12204431,12204433,12204449,12204457,12204463,12204497,12204503,12204523,12204539,12204541,12204547,12204551,12204553,12204557,12204581,12204583,12204587,12204601,12204611,12204613,12204629,12204641,12204671,12204677,12204701,12204713,12204721,12204727,12204761,12204763,12204767,12204769,12204781,12204811,12204833,12204847,12204851,12204883,12204889,12204953,12204961,12204989,12205001,12205009,12205021,12205033,12205069,12205073,12205097,12205117,12205121,12205159,12205177,12205181,12205213,12205217,12205229,12205231,12205241,12205247,12205253,12205273,12205279,12205283,12205309,12205313,12205321,12205327,12205343,12205393,12205441,12205447,12205463,12205483,12205511,12205553,12205561,12205573,12205601,12205621,12205649,12205691,12205747,12205751,12205757,12205777,12205789,12205793,12205799,12205829,12205849,12205867,12205877,12205891,12205901,12205903,12205933,12205957,12205981,12206021,12206057,12206081,12206099,12206101,12206143,12206149,12206177,12206179,12206191,12206203,12206209,12206269,12206273,12206291,12206309,12206339,12206371,12206393,12206401,12206423,12206437,12206473,12206497,12206501,12206503,12206507,12206543,12206567,12206603,12206609,12206641,12206647,12206681,12206713,12206717,12206723,12206737,12206741,12206743,12206749,12206773,12206791,12206827,12206849,12206851,12206861,12206869,12206879,12206897,12206899,12206939,12206989,12206993,12207007,12207011,12207017,12207023,12207029,12207031,12207047,12207049,12207067,12207079,12207121,12207127,12207179,12207187,12207191,12207193,12207197,12207203,12207229,12207269,12207271,12207287,12207301,12207311,12207323,12207337,12207341,12207389,12207401,12207413,12207427,12207431,12207439,12207473,12207487,12207491,12207509,12207539,12207553,12207563,12207599,12207607,12207617,12207619,12207623,12207647,12207653,12207677,12207691,12207697,12207703,12207721,12207731,12207739,12207763,12207773,12207787,12207803,12207809,12207821,12207851,12207857,12207859,12207911,12207919,12207929,12207931,12207941,12207959,12207973,12207977,12208019,12208033,12208061,12208067,12208069,12208081,12208093,12208099,12208111,12208117,12208121,12208123,12208153,12208169,12208171,12208177,12208213,12208247,12208253,12208277,12208291,12208303,12208307,12208319,12208321,12208349,12208351,12208367,12208373,12208381,12208411,12208421,12208429,12208433,12208439,12208453,12208459,12208489,12208519,12208531,12208541,12208543,12208549,12208571,12208597,12208627,12208643,12208667,12208733,12208751,12208769,12208789,12208793,12208799,12208813,12208817,12208829,12208831,12208841,12208843,12208871,12208877,12208909,12208919,12208949,12208951,12208957,12208961,12208969,12208991,12208997,12209003,12209011,12209023,12209063,12209081,12209101,12209137,12209147,12209161,12209167,12209207,12209233,12209269,12209273,12209321,12209341,12209347,12209357,12209359,12209369,12209387,12209423,12209429,12209437,12209441,12209447,12209459,12209471,12209479,12209501,12209503,12209521,12209563,12209579,12209591,12209623,12209627,12209651,12209683,12209737,12209749,12209777,12209809,12209819,12209831,12209833,12209861,12209867,12209887,12209921,12209933,12209947,12209959,12209969,12209971,12209993,12210007,12210019,12210041,12210059,12210061,12210067,12210101,12210113,12210119,12210137,12210173,12210181,12210197,12210203,12210221,12210223,12210229,12210241,12210269,12210277,12210283,12210287,12210307,12210343,12210349,12210353,12210377,12210389,12210449,12210461,12210467,12210487,12210503,12210563,12210577,12210589,12210599,12210619,12210659,12210689,12210691,12210721,12210727,12210739,12210773,12210791,12210823,12210853,12210857,12210871,12210881,12210883,12210937,12210949,12210971,12210973,12210983,12211009,12211021,12211057,12211061,12211063,12211079,12211103,12211123,12211127,12211139,12211141,12211159,12211169,12211193,12211217,12211223,12211231,12211249,12211259,12211261,12211273,12211279,12211307,12211327,12211333,12211337,12211343,12211351,12211363,12211373,12211387,12211391,12211403,12211421,12211447,12211469,12211477,12211483,12211499,12211501,12211519,12211543,12211553,12211561,12211579,12211603,12211657,12211669,12211673,12211679,12211687,12211709,12211721,12211723,12211747,12211751,12211757,12211789,12211817,12211819,12211841,12211847,12211853,12211867,12211907,12211909,12211937,12211943,12211949,12211981,12212021,12212029,12212051,12212059,12212063,12212077,12212087,12212107,12212111,12212113,12212119,12212131,12212141,12212143,12212147,12212159,12212173,12212177,12212191,12212197,12212201,12212237,12212279,12212293,12212297,12212303,12212311,12212327,12212363,12212377,12212399,12212407,12212413,12212423,12212429,12212441,12212467,12212483,12212503,12212507,12212521,12212539,12212549,12212561,12212569,12212597,12212623,12212657,12212677,12212699,12212713,12212719,12212743,12212771,12212777,12212779,12212797,12212831,12212833,12212861,12212867,12212881,12212887,12212899,12212917,12212929,12212933,12212939,12212951,12212971,12212983,12213001,12213007,12213013,12213017,12213037,12213049,12213053,12213073,12213077,12213079,12213109,12213127,12213137,12213167,12213169,12213193,12213197,12213199,12213221,12213241,12213251,12213269,12213283,12213317,12213319,12213329,12213347,12213353,12213401,12213403,12213469,12213493,12213499,12213511,12213517,12213521,12213527,12213541,12213571,12213577,12213583,12213587,12213601,12213623,12213629,12213647,12213661,12213673,12213683,12213689,12213731,12213739,12213779,12213787,12213793,12213809,12213821,12213823,12213841,12213857,12213863,12213881,12213893,12213913,12213923,12213931,12213947,12213991,12214019,12214043,12214051,12214063,12214067,12214099,12214159,12214171,12214183,12214243,12214273,12214289,12214303,12214331,12214333,12214339,12214361,12214369,12214373,12214387,12214399,12214409,12214417,12214441,12214459,12214463,12214469,12214493,12214507,12214519,12214523,12214561,12214567,12214577,12214583,12214613,12214639,12214673,12214681,12214691,12214693,12214717,12214729,12214759,12214793,12214801,12214831,12214841,12214849,12214879,12214889,12214907,12214913,12214973,12214981,12214991,12214997,12214999,12215033,12215039,12215087,12215101,12215123,12215131,12215141,12215149,12215167,12215173,12215179,12215191,12215201,12215219,12215221,12215237,12215257,12215263,12215267,12215279,12215297,12215317,12215321,12215327,12215341,12215381,12215389,12215393,12215429,12215449,12215473,12215477,12215527,12215531,12215543,12215557,12215573,12215579,12215591,12215611,12215633,12215653,12215657,12215681,12215683,12215701,12215713,12215743,12215761,12215779,12215807,12215821,12215831,12215851,12215897,12215899,12215933,12215939,12215947,12215971,12216037,12216041,12216079,12216089,12216101,12216103,12216119,12216121,12216131,12216137,12216161,12216173,12216181,12216187,12216199,12216203,12216209,12216223,12216227,12216247,12216283,12216299,12216301,12216313,12216349,12216359,12216377,12216389,12216397,12216403,12216419,12216431,12216433,12216437,12216439,12216493,12216497,12216499,12216539,12216541,12216559,12216577,12216583,12216593,12216619,12216643,12216661,12216671,12216719,12216731,12216751,12216767,12216781,12216803,12216817,12216823,12216833,12216839,12216857,12216877,12216901,12216907,12216937,12216947,12216949,12216959,12216983,12216989,12216991,12217027,12217097,12217099,12217109,12217147,12217151,12217157,12217159,12217199,12217211,12217241,12217277,12217313,12217327,12217333,12217391,12217397,12217409,12217411,12217417,12217427,12217459,12217481,12217529,12217537,12217559,12217567,12217573,12217591,12217607,12217619,12217637,12217649,12217657,12217693,12217717,12217753,12217759,12217769,12217771,12217783,12217801,12217811,12217859,12217861,12217867,12217879,12217889,12217901,12217913,12217939,12217943,12217949,12217957,12217987,12217993,12218027,12218033,12218051,12218081,12218099,12218111,12218113,12218119,12218153,12218179,12218183,12218201,12218207,12218209,12218233,12218237,12218243,12218299,12218329,12218333,12218363,12218417,12218443,12218489,12218491,12218509,12218527,12218537,12218587,12218611,12218617,12218623,12218627,12218629,12218639,12218659,12218663,12218707,12218711,12218741,12218761,12218777,12218783,12218821,12218873,12218891,12218897,12218933,12218939,12218951,12218963,12218977,12218981,12218989,12219007,12219019,12219047,12219059,12219061,12219089,12219101,12219127,12219133,12219157,12219161,12219169,12219247,12219253,12219257,12219289,12219307,12219323,12219329,12219349,12219359,12219367,12219391,12219407,12219419,12219421,12219437,12219443,12219461,12219497,12219499,12219503,12219511,12219523,12219533,12219539,12219541,12219547,12219551,12219587,12219593,12219619,12219631,12219653,12219659,12219677,12219709,12219737,12219743,12219751,12219761,12219791,12219803,12219827,12219829,12219871,12219901,12219913,12219917,12219919,12219931,12219973,12219997,12220003,12220031,12220037,12220081,12220111,12220129,12220147,12220171,12220183,12220193,12220217,12220237,12220253,12220259,12220261,12220267,12220277,12220301,12220333,12220361,12220393,12220421,12220427,12220441,12220447,12220451,12220457,12220489,12220519,12220529,12220531,12220543,12220561,12220573,12220601,12220609,12220627,12220633,12220639,12220651,12220657,12220661,12220669,12220673,12220699,12220717,12220721,12220757,12220771,12220823,12220849,12220853,12220877,12220891,12220903,12220921,12220937,12220951,12220969,12220979,12220991,12220997,12221021,12221029,12221039,12221057,12221071,12221087,12221089,12221107,12221117,12221171,12221173,12221177,12221179,12221191,12221197,12221203,12221207,12221233,12221243,12221263,12221273,12221327,12221333,12221353,12221357,12221369,12221371,12221393,12221399,12221401,12221413,12221431,12221449,12221459,12221483,12221491,12221497,12221519,12221527,12221543,12221593,12221611,12221669,12221681,12221689,12221749,12221771,12221801,12221819,12221821,12221837,12221849,12221851,12221863,12221887,12221893,12221917,12221969,12221971,12221981,12222013,12222047,12222053,12222101,12222109,12222121,12222127,12222151,12222211,12222241,12222257,12222271,12222283,12222307,12222319,12222349,12222367,12222389,12222403,12222433,12222461,12222517,12222521,12222523,12222527,12222533,12222547,12222557,12222559,12222571,12222583,12222593,12222629,12222641,12222647,12222667,12222671,12222673,12222697,12222703,12222709,12222713,12222731,12222733,12222751,12222761,12222767,12222781,12222799,12222803,12222811,12222817,12222823,12222827,12222841,12222851,12222857,12222869,12222911,12222923,12222937,12222941,12222943,12222967,12222979,12222989,12223009,12223031,12223037,12223049,12223087,12223109,12223139,12223199,12223271,12223273,12223303,12223307,12223313,12223381,12223399,12223411,12223417,12223429,12223439,12223447,12223457,12223469,12223483,12223501,12223531,12223537,12223543,12223553,12223571,12223577,12223597,12223609,12223613,12223621,12223633,12223643,12223657,12223693,12223709,12223711,12223721,12223751,12223753,12223763,12223789,12223817,12223823,12223829,12223831,12223853,12223891,12223909,12223921,12223927,12223933,12223979,12223987,12224021,12224029,12224053,12224057,12224059,12224081,12224101,12224117,12224129,12224153,12224159,12224189,12224209,12224213,12224221,12224257,12224279,12224281,12224297,12224299,12224321,12224327,12224347,12224357,12224383,12224389,12224413,12224473,12224483,12224497,12224501,12224521,12224551,12224557,12224561,12224587,12224591,12224593,12224603,12224617,12224629,12224651,12224669,12224687,12224701,12224731,12224749,12224759,12224767,12224783,12224791,12224831,12224843,12224873,12224879,12224897,12224917,12224959,12224963,12224969,12224981,12225041,12225043,12225049,12225077,12225079,12225097,12225107,12225149,12225179,12225197,12225203,12225209,12225221,12225223,12225247,12225251,12225299,12225347,12225361,12225371,12225407,12225427,12225461,12225463,12225491,12225527,12225553,12225611,12225613,12225641,12225643,12225649,12225659,12225677,12225679,12225701,12225709,12225727,12225751,12225757,12225761,12225769,12225779,12225823,12225847,12225853,12225877,12225887,12225901,12225919,12225923,12225929,12225937,12225989,12225991,12226013,12226033,12226051,12226057,12226069,12226091,12226117,12226127,12226187,12226217,12226219,12226223,12226229,12226231,12226267,12226273,12226289,12226297,12226303,12226309,12226321,12226327,12226337,12226339,12226351,12226381,12226387,12226397,12226399,12226433,12226453,12226457,12226469,12226471,12226477,12226499,12226507,12226537,12226549,12226561,12226573,12226583,12226601,12226609,12226631,12226637,12226649,12226667,12226673,12226691,12226693,12226699,12226703,12226727,12226771,12226787,12226789,12226807,12226811,12226829,12226831,12226849,12226853,12226871,12226873,12226933,12226957,12226967,12226993,12226999,12227021,12227041,12227069,12227071,12227077,12227081,12227167,12227177,12227197,12227209,12227213,12227221,12227227,12227231,12227263,12227269,12227273,12227291,12227309,12227323,12227333,12227359,12227377,12227419,12227429,12227441,12227459,12227483,12227489,12227521,12227533,12227557,12227561,12227563,12227569,12227591,12227597,12227599,12227623,12227627,12227681,12227711,12227731,12227741,12227753,12227779,12227783,12227801,12227807,12227819,12227827,12227837,12227863,12227893,12227903,12227909,12227911,12227921,12227951,12227959,12227989,12227993,12228017,12228023,12228031,12228061,12228079,12228089,12228091,12228113,12228119,12228137,12228143,12228187,12228197,12228217,12228221,12228239,12228257,12228269,12228289,12228299,12228311,12228313,12228329,12228367,12228397,12228407,12228409,12228421,12228431,12228439,12228443,12228451,12228467,12228481,12228493,12228527,12228529,12228551,12228553,12228563,12228577,12228583,12228599,12228613,12228653,12228677,12228679,12228683,12228707,12228721,12228739,12228751,12228767,12228781,12228793,12228809,12228823,12228841,12228857,12228859,12228869,12228889,12228901,12228917,12228929,12228991,12229003,12229013,12229043,12229051,12229067,12229073,12229079,12229093,12229117,12229127,12229153,12229177,12229183,12229187,12229207,12229247,12229267,12229289,12229313,12229319,12229333,12229361,12229363,12229367,12229381,12229397,12229403,12229421,12229423,12229429,12229487,12229493,12229507,12229513,12229519,12229523,12229549,12229571,12229589,12229601,12229621,12229631,12229667,12229669,12229699,12229703,12229709,12229733,12229739,12229741,12229747,12229751,12229769,12229799,12229807,12229843,12229873,12229879,12229883,12229891,12229897,12229907,12229913,12229927,12229961,12229981,12230003,12230041,12230047,12230059,12230063,12230077,12230081,12230087,12230093,12230107,12230111,12230149,12230161,12230173,12230209,12230221,12230233,12230353,12230359,12230369,12230371,12230377,12230417,12230419,12230441,12230459,12230467,12230513,12230521,12230527,12230539,12230551,12230557,12230567,12230597,12230611,12230629,12230653,12230657,12230671,12230677,12230689,12230693,12230707,12230711,12230719,12230723,12230731,12230789,12230807,12230809,12230861,12230879,12230893,12230899,12230903,12230929,12230947,12230983,12230993,12231001,12231059,12231061,12231073,12231083,12231133,12231157,12231169,12231203,12231227,12231229,12231253,12231257,12231259,12231283,12231311,12231367,12231371,12231389,12231397,12231413,12231419,12231431,12231433,12231463,12231487,12231493,12231503,12231509,12231511,12231521,12231523,12231539,12231547,12231563,12231589,12231599,12231613,12231623,12231629,12231631,12231643,12231647,12231671,12231679,12231689,12231691,12231697,12231731,12231733,12231757,12231767,12231827,12231833,12231853,12231859,12231889,12231917,12231931,12231937,12231943,12231977,12232001,12232013,12232019,12232039,12232049,12232069,12232091,12232117,12232141,12232151,12232169,12232183,12232189,12232201,12232217,12232243,12232247,12232271,12232273,12232279,12232289,12232327,12232351,12232357,12232369,12232373,12232397,12232421,12232433,12232463,12232471,12232487,12232489,12232499,12232531,12232541,12232543,12232547,12232579,12232603,12232609,12232613,12232621,12232663,12232679,12232687,12232691,12232697,12232699,12232721,12232723,12232739,12232747,12232777,12232811,12232813,12232819,12232823,12232837,12232853,12232859,12232861,12232897,12232901,12232937,12232949,12232967,12232991,12232993,12232999,12233009,12233057,12233059,12233063,12233069,12233077,12233101,12233107,12233159,12233161,12233167,12233191,12233201,12233209,12233219,12233231,12233233,12233239,12233261,12233269,12233279,12233311,12233323,12233327,12233341,12233357,12233363,12233369,12233393,12233399,12233411,12233443,12233449,12233461,12233467,12233471,12233477,12233479,12233483,12233491,12233509,12233519,12233527,12233537,12233579,12233581,12233593,12233647,12233651,12233653,12233657,12233681,12233699,12233707,12233713,12233729,12233743,12233759,12233773,12233779,12233789,12233803,12233813,12233821,12233843,12233857,12233909,12233917,12233987,12233989,12233993,12234011,12234017,12234023,12234049,12234073,12234083,12234097,12234127,12234151,12234163,12234191,12234197,12234217,12234239,12234281,12234301,12234311,12234329,12234337,12234353,12234371,12234377,12234379,12234421,12234427,12234437,12234517,12234527,12234529,12234559,12234569,12234571,12234583,12234631,12234637,12234659,12234667,12234671,12234697,12234757,12234787,12234793,12234811,12234821,12234823,12234869,12234881,12234907,12234913,12234931,12234941,12234949,12234961,12234977,12234979,12234983,12234991,12235001,12235009,12235033,12235037,12235081,12235099,12235109,12235147,12235151,12235159,12235169,12235193,12235199,12235231,12235247,12235253,12235277,12235313,12235331,12235337,12235351,12235357,12235381,12235397,12235403,12235423,12235429,12235469,12235511,12235543,12235547,12235627,12235649,12235661,12235667,12235687,12235697,12235703,12235711,12235723,12235763,12235819,12235831,12235841,12235849,12235889,12235891,12235897,12235901,12235907,12235919,12235939,12235957,12235961,12235963,12235967,12235997,12236047,12236089,12236111,12236113,12236129,12236131,12236149,12236153,12236167,12236179,12236183,12236197,12236201,12236219,12236239,12236249,12236291,12236321,12236339,12236369,12236401,12236459,12236489,12236507,12236509,12236533,12236557,12236563,12236569,12236593,12236611,12236629,12236641,12236663,12236669,12236671,12236681,12236683,12236687,12236689,12236701,12236743,12236761,12236767,12236803,12236827,12236839,12236891,12236911,12236941,12236951,12236953,12236963,12236981,12236993,12237019,12237023,12237031,12237037,12237077,12237091,12237133,12237227,12237287,12237289,12237301,12237341,12237353,12237359,12237373,12237377,12237397,12237409,12237419,12237427,12237431,12237439,12237457,12237469,12237479,12237509,12237521,12237523,12237527,12237559,12237581,12237601,12237607,12237613,12237619,12237629,12237661,12237683,12237703,12237707,12237761,12237763,12237779,12237781,12237791,12237809,12237821,12237829,12237833,12237851,12237853,12237857,12237871,12237893,12237899,12237917,12237923,12237947,12237949,12237959,12237983,12237997,12238027,12238043,12238067,12238103,12238111,12238117,12238133,12238141,12238159,12238183,12238201,12238207,12238217,12238229,12238241,12238253,12238279,12238297,12238309,12238313,12238327,12238367,12238403,12238417,12238423,12238427,12238439,12238477,12238481,12238511,12238517,12238543,12238559,12238591,12238607,12238643,12238651,12238661,12238729,12238741,12238757,12238763,12238771,12238799,12238843,12238859,12238867,12238871,12238873,12238883,12238913,12238939,12238943,12238949,12238991,12238999,12239027,12239041,12239063,12239069,12239077,12239093,12239147,12239153,12239177,12239221,12239251,12239261,12239273,12239309,12239321,12239323,12239329,12239347,12239351,12239393,12239407,12239417,12239419,12239431,12239441,12239453,12239509,12239527,12239543,12239561,12239567,12239573,12239581,12239639,12239641,12239651,12239659,12239671,12239681,12239701,12239729,12239741,12239753,12239791,12239809,12239839,12239861,12239863,12239869,12239897,12239911,12239939,12239951,12239957,12239959,12239977,12239989,12239999,12240013,12240037,12240061,12240073,12240083,12240091,12240121,12240131,12240157,12240167,12240197,12240203,12240223,12240227,12240271,12240281,12240287,12240299,12240311,12240341,12240343,12240379,12240401,12240409,12240413,12240419,12240433,12240457,12240467,12240469,12240511,12240559,12240583,12240587,12240589,12240601,12240607,12240643,12240659,12240667,12240677,12240703,12240719,12240749,12240751,12240763,12240773,12240779,12240803,12240841,12240847,12240857,12240869,12240887,12240889,12240911,12240913,12240937,12240947,12240953,12240973,12240983,12241013,12241049,12241067,12241081,12241091,12241093,12241127,12241147,12241153,12241157,12241169,12241171,12241183,12241213,12241217,12241223,12241231,12241279,12241289,12241319,12241331,12241337,12241349,12241363,12241387,12241391,12241399,12241457,12241459,12241477,12241483,12241499,12241501,12241507,12241517,12241519,12241571,12241577,12241583,12241597,12241613,12241651,12241661,12241673,12241679,12241699,12241703,12241729,12241759,12241787,12241837,12241841,12241877,12241913,12241927,12241939,12241961,12241979,12241981,12241991,12241997,12242011,12242017,12242047,12242059,12242063,12242093,12242107,12242123,12242161,12242177,12242189,12242201,12242203,12242221,12242257,12242267,12242291,12242309,12242339,12242353,12242357,12242359,12242423,12242429,12242443,12242453,12242473,12242491,12242497,12242501,12242521,12242539,12242557,12242561,12242563,12242579,12242617,12242621,12242623,12242651,12242653,12242663,12242687,12242689,12242719,12242729,12242773,12242779,12242807,12242849,12242851,12242869,12242891,12242899,12242911,12242921,12242933,12242939,12242953,12242957,12242963,12242987,12243019,12243029,12243071,12243079,12243103,12243113,12243139,12243151,12243157,12243167,12243193,12243197,12243221,12243227,12243229,12243241,12243251,12243289,12243313,12243317,12243323,12243367,12243373,12243377,12243389,12243401,12243403,12243431,12243443,12243457,12243541,12243551,12243557,12243563,12243571,12243577,12243589,12243601,12243611,12243661,12243701,12243709,12243743,12243773,12243787,12243799,12243817,12243821,12243839,12243841,12243883,12243899,12243937,12243971,12243983,12243989,12243991,12244009,12244033,12244087,12244091,12244109,12244139,12244147,12244181,12244187,12244201,12244223,12244241,12244249,12244259,12244307,12244313,12244319,12244321,12244327,12244333,12244343,12244357,12244361,12244391,12244423,12244433,12244459,12244481,12244483,12244489,12244501,12244513,12244523,12244543,12244549,12244559,12244571,12244577,12244613,12244619,12244633,12244657,12244663,12244667,12244681,12244703,12244711,12244747,12244753,12244781,12244789,12244823,12244829,12244867,12244871,12244877,12244889,12244909,12244997,12245021,12245029,12245033,12245041,12245053,12245059,12245081,12245089,12245099,12245119,12245143,12245161,12245171,12245179,12245203,12245209,12245249,12245257,12245263,12245293,12245297,12245351,12245353,12245369,12245371,12245381,12245399,12245413,12245419,12245437,12245461,12245477,12245479,12245501,12245503,12245533,12245539,12245549,12245561,12245573,12245579,12245581,12245603,12245617,12245621,12245641,12245663,12245707,12245719,12245731,12245741,12245759,12245767,12245819,12245851,12245873,12245879,12245929,12245939,12245941,12245951,12245953,12245971,12245983,12245993,12245999,12246029,12246037,12246053,12246067,12246071,12246077,12246119,12246131,12246163,12246181,12246187,12246191,12246211,12246287,12246301,12246319,12246329,12246337,12246349,12246361,12246379,12246383,12246433,12246449,12246463,12246467,12246473,12246503,12246523,12246527,12246547,12246569,12246607,12246623,12246631,12246653,12246677,12246683,12246721,12246769,12246779,12246799,12246847,12246853,12246859,12246881,12246893,12246901,12246907,12246943,12246967,12246973,12246977,12246979,12246989,12247033,12247051,12247087,12247093,12247097,12247117,12247129,12247141,12247163,12247177,12247181,12247199,12247211,12247237,12247243,12247253,12247271,12247273,12247289,12247297,12247357,12247369,12247409,12247423,12247441,12247453,12247471,12247507,12247517,12247549,12247577,12247579,12247603,12247619,12247637,12247649,12247673,12247679,12247681,12247709,12247747,12247771,12247783,12247787,12247811,12247813,12247817,12247841,12247843,12247901,12247903,12247909,12247919,12247931,12247981,12248011,12248017,12248021,12248023,12248051,12248099,12248101,12248123,12248149,12248191,12248207,12248209,12248219,12248231,12248233,12248267,12248297,12248311,12248389,12248399,12248413,12248429,12248461,12248473,12248477,12248491,12248497,12248501,12248513,12248519,12248557,12248567,12248569,12248609,12248633,12248647,12248651,12248659,12248683,12248729,12248741,12248767,12248779,12248783,12248809,12248827,12248837,12248839,12248867,12248879,12248881,12248897,12248917,12248921,12248923,12248927,12248941,12248963,12249011,12249019,12249031,12249067,12249077,12249079,12249103,12249113,12249121,12249143,12249151,12249157,12249199,12249203,12249229,12249233,12249269,12249323,12249353,12249361,12249373,12249379,12249383,12249407,12249427,12249431,12249449,12249487,12249491,12249493,12249499,12249527,12249533,12249599,12249637,12249641,12249647,12249649,12249667,12249689,12249691,12249697,12249703,12249709,12249719,12249733,12249739,12249749,12249761,12249763,12249773,12249779,12249781,12249791,12249821,12249827,12249829,12249833,12249847,12249907,12249917,12249947,12249949,12249953,12249967,12249971,12249973,12249983,12249989,12250009,12250019,12250061,12250097,12250163,12250169,12250171,12250181,12250187,12250211,12250247,12250253,12250297,12250309,12250321,12250327,12250339,12250369,12250373,12250379,12250393,12250397,12250463,12250471,12250477,12250493,12250501,12250519,12250541,12250543,12250561,12250613,12250621,12250627,12250633,12250661,12250681,12250699,12250703,12250729,12250741,12250769,12250831,12250853,12250873,12250891,12250913,12250919,12250943,12250967,12250969,12250981,12251011,12251039,12251047,12251051,12251053,12251069,12251077,12251089,12251093,12251131,12251147,12251149,12251153,12251167,12251171,12251177,12251191,12251201,12251207,12251269,12251299,12251357,12251359,12251363,12251389,12251411,12251429,12251453,12251467,12251471,12251483,12251501,12251549,12251567,12251581,12251587,12251597,12251609,12251623,12251633,12251641,12251647,12251653,12251671,12251677,12251719,12251731,12251737,12251741,12251761,12251797,12251803,12251807,12251887,12251909,12251929,12251963,12251969,12251971,12251977,12251983,12252029,12252041,12252043,12252059,12252061,12252073,12252083,12252091,12252103,12252113,12252151,12252179,12252197,12252259,12252263,12252269,12252271,12252301,12252319,12252323,12252349,12252389,12252391,12252403,12252407,12252431,12252469,12252497,12252503,12252509,12252523,12252551,12252599,12252607,12252619,12252637,12252641,12252649,12252659,12252671,12252673,12252689,12252697,12252731,12252743,12252763,12252769,12252791,12252797,12252811,12252827,12252847,12252871,12252901,12252913,12252923,12252941,12252949,12252953,12253013,12253057,12253069,12253079,12253093,12253097,12253099,12253117,12253127,12253133,12253147,12253169,12253177,12253187,12253193,12253211,12253217,12253247,12253249,12253259,12253279,12253321,12253333,12253337,12253343,12253349,12253361,12253387,12253427,12253469,12253471,12253477,12253487,12253513,12253517,12253523,12253529,12253531,12253543,12253621,12253639,12253643,12253669,12253679,12253721,12253723,12253729,12253777,12253783,12253799,12253811,12253817,12253837,12253859,12253867,12253873,12253877,12253883,12253903,12253907,12253937,12253949,12254023,12254041,12254057,12254087,12254089,12254111,12254113,12254131,12254167,12254171,12254173,12254189,12254197,12254201,12254213,12254227,12254251,12254267,12254273,12254287,12254309,12254311,12254323,12254329,12254339,12254353,12254371,12254419,12254447,12254453,12254461,12254471,12254491,12254507,12254509,12254521,12254537,12254549,12254591,12254597,12254629,12254663,12254681,12254719,12254731,12254741,12254743,12254747,12254771,12254783,12254789,12254797,12254843,12254857,12254861,12254863,12254873,12254897,12254911,12254923,12254927,12254947,12254969,12254971,12254987,12254989,12255041,12255053,12255059,12255071,12255121,12255143,12255149,12255151,12255161,12255163,12255169,12255179,12255227,12255259,12255277,12255319,12255337,12255359,12255367,12255377,12255379,12255403,12255409,12255413,12255427,12255431,12255457,12255461,12255479,12255499,12255511,12255517,12255533,12255587,12255599,12255631,12255637,12255647,12255653,12255713,12255743,12255781,12255791,12255797,12255799,12255811,12255821,12255829,12255847,12255871,12255877,12255889,12255899,12255907,12255911,12255953,12255979,12255983,12256001,12256019,12256021,12256039,12256051,12256081,12256087,12256103,12256117,12256147,12256151,12256177,12256187,12256207,12256271,12256301,12256313,12256327,12256339,12256351,12256367,12256369,12256373,12256379,12256397,12256399,12256403,12256421,12256423,12256427,12256469,12256471,12256477,12256487,12256549,12256553,12256567,12256571,12256579,12256633,12256649,12256679,12256681,12256697,12256733,12256747,12256759,12256787,12256789,12256799,12256807,12256831,12256883,12256903,12256927,12256961,12256963,12256969,12256987,12257009,12257039,12257041,12257093,12257117,12257129,12257173,12257213,12257233,12257243,12257263,12257281,12257291,12257293,12257317,12257327,12257339,12257351,12257359,12257381,12257387,12257389,12257407,12257411,12257417,12257419,12257423,12257429,12257447,12257473,12257477,12257491,12257507,12257521,12257533,12257549,12257563,12257573,12257587,12257591,12257611,12257621,12257627,12257677,12257711,12257737,12257743,12257747,12257753,12257759,12257761,12257771,12257809,12257821,12257837,12257849,12257857,12257879,12257887,12257891,12257909,12257911,12257933,12257951,12257953,12257963,12257977,12258007,12258041,12258047,12258049,12258083,12258091,12258107,12258109,12258121,12258131,12258151,12258157,12258163,12258179,12258209,12258217,12258229,12258251,12258263,12258293,12258307,12258319,12258347,12258373,12258383,12258409,12258413,12258427,12258431,12258443,12258461,12258473,12258487,12258497,12258511,12258551,12258559,12258583,12258601,12258637,12258679,12258691,12258703,12258721,12258731,12258737,12258739,12258749,12258761,12258767,12258791,12258809,12258811,12258821,12258823,12258833,12258859,12258863,12258871,12258881,12258893,12258899,12258907,12258941,12258973,12258991,12259003,12259019,12259021,12259033,12259061,12259063,12259081,12259087,12259103,12259129,12259133,12259153,12259201,12259211,12259213,12259223,12259241,12259249,12259259,12259267,12259283,12259297,12259307,12259333,12259361,12259367,12259381,12259399,12259409,12259411,12259417,12259421,12259439,12259441,12259453,12259463,12259487,12259501,12259537,12259561,12259573,12259591,12259603,12259607,12259609,12259613,12259627,12259631,12259633,12259649,12259657,12259711,12259729,12259747,12259763,12259813,12259823,12259829,12259853,12259879,12259937,12259957,12259967,12259979,12259981,12260033,12260051,12260057,12260063,12260071,12260093,12260123,12260147,12260177,12260197,12260233,12260239,12260249,12260257,12260291,12260293,12260299,12260309,12260323,12260333,12260401,12260411,12260419,12260447,12260459,12260473,12260483,12260489,12260503,12260527,12260537,12260539,12260581,12260603,12260617,12260629,12260701,12260713,12260741,12260753,12260767,12260803,12260813,12260819,12260821,12260827,12260837,12260867,12260869,12260887,12260917,12260921,12260923,12260953,12260957,12260971,12260981,12260993,12261013,12261043,12261059,12261077,12261079,12261101,12261127,12261133,12261157,12261163,12261167,12261181,12261187,12261211,12261253,12261257,12261259,12261269,12261281,12261283,12261311,12261331,12261371,12261373,12261383,12261409,12261443,12261449,12261463,12261481,12261503,12261521,12261527,12261533,12261547,12261551,12261559,12261563,12261569,12261581,12261611,12261617,12261649,12261659,12261677,12261701,12261713,12261791,12261803,12261817,12261889,12261901,12261919,12261941,12261943,12261961,12262021,12262031,12262039,12262043,12262057,12262073,12262079,12262097,12262109,12262111,12262121,12262123,12262169,12262177,12262183,12262199,12262259,12262279,12262291,12262303,12262333,12262351,12262361,12262379,12262387,12262417,12262433,12262463,12262469,12262477,12262487,12262489,12262493,12262507,12262529,12262553,12262573,12262583,12262589,12262597,12262603,12262631,12262667,12262693,12262709,12262711,12262717,12262727,12262741,12262751,12262787,12262793,12262801,12262819,12262823,12262829,12262883,12262889,12262919,12262937,12263029,12263039,12263057,12263063,12263089,12263101,12263123,12263129,12263149,12263159,12263161,12263183,12263261,12263267,12263291,12263297,12263323,12263353,12263359,12263369,12263371,12263389,12263401,12263423,12263429,12263431,12263437,12263453,12263467,12263473,12263483,12263497,12263509,12263513,12263519,12263527,12263561,12263567,12263593,12263597,12263599,12263611,12263651,12263677,12263689,12263701,12263717,12263731,12263737,12263753,12263789,12263791,12263813,12263843,12263861,12263869,12263891,12263893,12263903,12263921,12263947,12263959,12263963,12263969,12263981,12264011,12264023,12264029,12264047,12264059,12264067,12264113,12264137,12264167,12264169,12264173,12264179,12264193,12264199,12264211,12264223,12264269,12264277,12264319,12264337,12264341,12264347,12264349,12264383,12264397,12264403,12264409,12264433,12264449,12264487,12264491,12264493,12264523,12264533,12264541,12264547,12264563,12264587,12264601,12264619,12264641,12264691,12264713,12264737,12264739,12264751,12264779,12264799,12264817,12264839,12264851,12264853,12264859,12264869,12264877,12264881,12264913,12264929,12264947,12264961,12264977,12264983,12265021,12265031,12265039,12265061,12265063,12265067,12265069,12265079,12265091,12265111,12265117,12265129,12265147,12265151,12265153,12265157,12265163,12265171,12265229,12265291,12265327,12265349,12265391,12265403,12265411,12265433,12265439,12265441,12265457,12265459,12265511,12265523,12265573,12265597,12265609,12265613,12265633,12265639,12265667,12265709,12265711,12265717,12265727,12265733,12265769,12265783,12265817,12265853,12265861,12265871,12265901,12265921,12265943,12265951,12265973,12265991,12265999,12266003,12266017,12266029,12266047,12266053,12266071,12266123,12266171,12266179,12266209,12266213,12266237,12266249,12266269,12266279,12266281,12266311,12266327,12266347,12266357,12266363,12266369,12266377,12266393,12266407,12266411,12266431,12266453,12266459,12266461,12266467,12266477,12266497,12266509,12266519,12266543,12266581,12266591,12266629,12266633,12266641,12266663,12266687,12266699,12266719,12266729,12266747,12266759,12266777,12266789,12266791,12266827,12266833,12266861,12266873,12266879,12266893,12266897,12266899,12266909,12266923,12266927,12266929,12266939,12266983,12266987,12266999,12267023,12267037,12267053,12267061,12267067,12267121,12267127,12267131,12267133,12267181,12267193,12267209,12267223,12267247,12267263,12267287,12267337,12267347,12267361,12267371,12267373,12267383,12267397,12267401,12267439,12267449,12267467,12267469,12267503,12267511,12267529,12267547,12267581,12267587,12267641,12267677,12267691,12267701,12267707,12267719,12267721,12267737,12267743,12267779,12267791,12267803,12267833,12267839,12267859,12267883,12267887,12267889,12267923,12267953,12267967,12267973,12268013,12268031,12268037,12268049,12268051,12268063,12268079,12268103,12268133,12268153,12268159,12268171,12268181,12268183,12268187,12268199,12268211,12268229,12268231,12268241,12268253,12268261,12268273,12268301,12268309,12268331,12268351,12268367,12268379,12268411,12268429,12268439,12268447,12268469,12268489,12268541,12268559,12268573,12268579,12268583,12268589,12268601,12268643,12268649,12268667,12268681,12268693,12268703,12268709,12268721,12268757,12268759,12268771,12268783,12268801,12268829,12268831,12268853,12268877,12268897,12268903,12268933,12268939,12268957,12268961,12268967,12268979,12268999,12269011,12269027,12269063,12269071,12269093,12269137,12269141,12269167,12269219,12269249,12269251,12269263,12269321,12269351,12269353,12269371,12269399,12269401,12269417,12269423,12269429,12269441,12269443,12269471,12269489,12269501,12269503,12269507,12269513,12269519,12269527,12269539,12269549,12269561,12269567,12269623,12269651,12269671,12269689,12269693,12269711,12269717,12269729,12269737,12269753,12269759,12269791,12269819,12269827,12269837,12269849,12269863,12269891,12269899,12269909,12269923,12269941,12269969,12269981,12269989,12270047,12270077,12270101,12270113,12270133,12270157,12270169,12270173,12270197,12270217,12270221,12270229,12270233,12270241,12270281,12270301,12270317,12270319,12270329,12270367,12270373,12270397,12270443,12270473,12270487,12270541,12270551,12270553,12270563,12270571,12270593,12270607,12270611,12270623,12270631,12270641,12270647,12270667,12270673,12270677,12270689,12270691,12270701,12270703,12270733,12270737,12270743,12270749,12270757,12270763,12270871,12270911,12270913,12270919,12270959,12270971,12271003,12271019,12271027,12271069,12271073,12271079,12271099,12271123,12271141,12271157,12271159,12271199,12271201,12271219,12271247,12271261,12271279,12271289,12271291,12271313,12271333,12271349,12271403,12271417,12271421,12271429,12271439,12271447,12271451,12271459,12271463,12271471,12271477,12271499,12271507,12271517,12271537,12271541,12271561,12271573,12271577,12271579,12271583,12271607,12271613,12271621,12271631,12271639,12271643,12271681,12271709,12271717,12271741,12271757,12271759,12271769,12271793,12271801,12271837,12271849,12271859,12271867,12271871,12271873,12271879,12271951,12271969,12271999,12272003,12272009,12272023,12272033,12272047,12272069,12272077,12272083,12272089,12272093,12272129,12272159,12272167,12272231,12272237,12272257,12272261,12272263,12272269,12272287,12272303,12272321,12272327,12272341,12272357,12272383,12272387,12272401,12272431,12272437,12272441,12272483,12272549,12272551,12272581,12272599,12272609,12272633,12272671,12272681,12272693,12272699,12272707,12272717,12272719,12272737,12272749,12272779,12272783,12272801,12272831,12272849,12272857,12272867,12272881,12272893,12272951,12272959,12272971,12272977,12272983,12272987,12273013,12273029,12273049,12273059,12273077,12273083,12273089,12273091,12273101,12273109,12273143,12273169,12273181,12273187,12273199,12273223,12273229,12273253,12273257,12273277,12273281,12273299,12273301,12273311,12273323,12273341,12273343,12273347,12273353,12273379,12273389,12273397,12273403,12273433,12273451,12273479,12273497,12273523,12273539,12273571,12273589,12273607,12273623,12273629,12273631,12273671,12273673,12273683,12273689,12273761,12273773,12273787,12273803,12273869,12273887,12273893,12273907,12273917,12273929,12273959,12273971,12273977,12273979,12273997,12274013,12274021,12274039,12274043,12274069,12274091,12274127,12274159,12274181,12274189,12274219,12274231,12274243,12274261,12274271,12274277,12274303,12274319,12274321,12274331,12274351,12274363,12274369,12274373,12274397,12274421,12274447,12274463,12274469,12274487,12274489,12274501,12274517,12274529,12274531,12274541,12274547,12274553,12274573,12274579,12274637,12274643,12274657,12274681,12274699,12274711,12274723,12274727,12274733,12274753,12274763,12274793,12274807,12274813,12274837,12274883,12274897,12274919,12274937,12274961,12274963,12274967,12274979,12274981,12274987,12275017,12275027,12275051,12275069,12275111,12275129,12275141,12275143,12275177,12275183,12275189,12275201,12275203,12275209,12275233,12275269,12275293,12275297,12275299,12275321,12275357,12275371,12275401,12275407,12275423,12275429,12275449,12275509,12275567,12275569,12275587,12275591,12275609,12275623,12275639,12275647,12275651,12275677,12275707,12275719,12275741,12275743,12275759,12275771,12275773,12275779,12275827,12275839,12275867,12275869,12275891,12275909,12275911,12275917,12275959,12276001,12276007,12276049,12276059,12276073,12276079,12276083,12276101,12276127,12276133,12276137,12276161,12276163,12276197,12276211,12276233,12276239,12276241,12276263,12276283,12276287,12276289,12276293,12276317,12276331,12276359,12276361,12276377,12276389,12276401,12276409,12276427,12276463,12276469,12276479,12276487,12276491,12276493,12276497,12276553,12276559,12276569,12276581,12276631,12276643,12276683,12276689,12276697,12276701,12276727,12276739,12276743,12276757,12276767,12276809,12276811,12276821,12276827,12276833,12276851,12276857,12276863,12276881,12276883,12276893,12276931,12276937,12276949,12276959,12276977,12276989,12276991,12277019,12277033,12277037,12277039,12277061,12277127,12277129,12277151,12277159,12277169,12277183,12277219,12277241,12277253,12277259,12277261,12277267,12277273,12277297,12277301,12277351,12277361,12277373,12277379,12277381,12277393,12277399,12277427,12277483,12277523,12277543,12277567,12277571,12277583,12277597,12277619,12277633,12277663,12277691,12277709,12277721,12277799,12277801,12277807,12277843,12277849,12277861,12277873,12277877,12277913,12277939,12277949,12277973,12277981,12278003,12278011,12278017,12278023,12278027,12278039,12278083,12278093,12278111,12278129,12278137,12278153,12278171,12278183,12278209,12278221,12278249,12278257,12278261,12278269,12278317,12278333,12278377,12278423,12278429,12278443,12278447,12278473,12278479,12278491,12278501,12278531,12278537,12278543,12278569,12278599,12278611,12278633,12278647,12278659,12278663,12278683,12278729,12278737,12278753,12278767,12278789,12278801,12278809,12278837,12278869,12278887,12278909,12278911,12278927,12278933,12278957,12278963,12278983,12278989,12279011,12279013,12279017,12279019,12279041,12279053,12279061,12279089,12279097,12279101,12279119,12279161,12279167,12279233,12279247,12279283,12279299,12279313,12279341,12279347,12279349,12279353,12279359,12279391,12279431,12279437,12279439,12279451,12279461,12279469,12279473,12279497,12279551,12279569,12279577,12279587,12279647,12279649,12279691,12279703,12279779,12279781,12279793,12279803,12279829,12279851,12279853,12279859,12279863,12279877,12279889,12279901,12279919,12279959,12279973,12279991,12280003,12280007,12280013,12280031,12280039,12280057,12280063,12280067,12280087,12280097,12280109,12280111,12280127,12280141,12280157,12280181,12280193,12280199,12280211,12280223,12280249,12280271,12280343,12280351,12280357,12280379,12280399,12280417,12280423,12280439,12280447,12280453,12280469,12280493,12280523,12280529,12280531,12280547,12280549,12280561,12280573,12280591,12280621,12280661,12280687,12280693,12280721,12280733,12280753,12280759,12280769,12280813,12280823,12280831,12280837,12280841,12280861,12280871,12280883,12280901,12280903,12280913,12280937,12280943,12280951,12280967,12280969,12280979,12280993,12280997,12281029,12281051,12281063,12281111,12281117,12281131,12281141,12281161,12281173,12281183,12281207,12281221,12281237,12281251,12281257,12281303,12281317,12281323,12281329,12281341,12281389,12281407,12281453,12281459,12281473,12281483,12281519,12281539,12281573,12281597,12281603,12281641,12281671,12281693,12281707,12281713,12281719,12281729,12281767,12281813,12281827,12281831,12281881,12281909,12281947,12281963,12281981,12281987,12282073,12282079,12282103,12282119,12282139,12282157,12282163,12282191,12282199,12282203,12282217,12282233,12282241,12282269,12282311,12282331,12282337,12282343,12282353,12282371,12282377,12282397,12282401,12282419,12282451,12282499,12282511,12282547,12282553,12282559,12282577,12282587,12282601,12282629,12282643,12282659,12282661,12282701,12282703,12282707,12282719,12282731,12282733,12282737,12282749,12282769,12282833,12282847,12282871,12282887,12282901,12282931,12282937,12282947,12282961,12282967,12282973,12282983,12283039,12283057,12283111,12283169,12283189,12283241,12283247,12283259,12283273,12283277,12283289,12283303,12283307,12283339,12283343,12283379,12283393,12283399,12283417,12283421,12283429,12283441,12283457,12283459,12283489,12283499,12283507,12283511,12283543,12283549,12283553,12283561,12283573,12283589,12283597,12283603,12283613,12283627,12283643,12283669,12283717,12283727,12283759,12283807,12283811,12283813,12283819,12283841,12283867,12283897,12283913,12283919,12283933,12283949,12283951,12283961,12284003,12284017,12284021,12284033,12284057,12284059,12284087,12284099,12284101,12284113,12284131,12284137,12284171,12284201,12284219,12284243,12284281,12284291,12284299,12284309,12284341,12284357,12284381,12284411,12284413,12284417,12284443,12284453,12284471,12284479,12284483,12284509,12284521,12284533,12284539,12284549,12284561,12284593,12284609,12284639,12284641,12284663,12284669,12284677,12284683,12284689,12284717,12284749,12284771,12284791,12284801,12284807,12284809,12284819,12284827,12284861,12284869,12284879,12284941,12284947,12284957,12284969,12284977,12284981,12284983,12285011,12285017,12285019,12285023,12285037,12285047,12285061,12285103,12285107,12285127,12285137,12285167,12285173,12285193,12285239,12285253,12285257,12285263,12285277,12285349,12285359,12285367,12285379,12285397,12285421,12285439,12285451,12285463,12285479,12285503,12285521,12285523,12285541,12285551,12285557,12285587,12285607,12285619,12285631,12285643,12285653,12285661,12285667,12285671,12285673,12285677,12285683,12285709,12285731,12285797,12285803,12285809,12285811,12285817,12285829,12285851,12285859,12285863,12285869,12285881,12285899,12285901,12285907,12285919,12285929,12285947,12285953,12285967,12285971,12285997,12286033,12286039,12286049,12286051,12286067,12286069,12286073,12286081,12286091,12286123,12286133,12286139,12286147,12286171,12286181,12286231,12286249,12286271,12286279,12286289,12286333,12286363,12286397,12286403,12286409,12286423,12286441,12286453,12286471,12286493,12286499,12286501,12286507,12286541,12286543,12286579,12286583,12286601,12286607,12286613,12286643,12286649,12286667,12286679,12286697,12286709,12286723,12286759,12286783,12286811,12286817,12286843,12286861,12286891,12286919,12286931,12286933,12286951,12286957,12286969,12286999,12287017,12287057,12287059,12287089,12287101,12287117,12287137,12287147,12287153,12287159,12287173,12287201,12287269,12287273,12287309,12287321,12287333,12287347,12287369,12287371,12287383,12287389,12287419,12287437,12287449,12287459,12287477,12287479,12287489,12287519,12287531,12287533,12287537,12287567,12287593,12287609,12287641,12287683,12287689,12287701,12287711,12287767,12287771,12287777,12287801,12287827,12287831,12287833,12287837,12287861,12287879,12287887,12287893,12287929,12287939,12287983,12287993,12287999,12288011,12288019,12288043,12288047,12288061,12288071,12288077,12288097,12288109,12288113,12288119,12288137,12288169,12288173,12288259,12288277,12288281,12288293,12288299,12288301,12288313,12288323,12288347,12288359,12288379,12288391,12288401,12288413,12288427,12288439,12288443,12288457,12288473,12288487,12288499,12288517,12288533,12288539,12288553,12288557,12288559,12288581,12288587,12288589,12288607,12288623,12288631,12288659,12288673,12288701,12288707,12288737,12288743,12288767,12288781,12288791,12288797,12288799,12288817,12288821,12288823,12288869,12288907,12288917,12288919,12288937,12288961,12288967,12289001,12289009,12289019,12289021,12289111,12289117,12289133,12289159,12289183,12289213,12289247,12289253,12289259,12289261,12289267,12289279,12289289,12289297,12289309,12289327,12289339,12289367,12289369,12289373,12289393,12289399,12289427,12289441,12289457,12289471,12289493,12289499,12289507,12289531,12289559,12289573,12289577,12289583,12289631,12289639,12289679,12289681,12289687,12289757,12289763,12289801,12289807,12289811,12289813,12289819,12289847,12289891,12289909,12289931,12289943,12289999,12290009,12290071,12290123,12290129,12290137,12290141,12290143,12290147,12290153,12290177,12290183,12290189,12290197,12290203,12290209,12290227,12290233,12290251,12290261,12290263,12290273,12290281,12290297,12290323,12290339,12290347,12290357,12290381,12290417,12290423,12290429,12290437,12290459,12290479,12290489,12290491,12290497,12290501,12290503,12290521,12290567,12290569,12290573,12290617,12290627,12290639,12290651,12290653,12290657,12290669,12290687,12290713,12290737,12290743,12290749,12290801,12290833,12290843,12290851,12290893,12290903,12290909,12290917,12290921,12290953,12290959,12290963,12290977,12290981,12290987,12291001,12291007,12291011,12291029,12291049,12291061,12291079,12291089,12291101,12291109,12291121,12291179,12291211,12291259,12291277,12291287,12291313,12291343,12291379,12291403,12291413,12291427,12291443,12291451,12291463,12291491,12291497,12291533,12291541,12291547,12291557,12291577,12291589,12291607,12291623,12291641,12291649,12291661,12291673,12291691,12291703,12291749,12291757,12291767,12291791,12291793,12291809,12291817,12291827,12291857,12291859,12291871,12291893,12291899,12291941,12291967,12291989,12291991,12291997,12292019,12292067,12292073,12292081,12292099,12292117,12292121,12292127,12292141,12292193,12292261,12292271,12292279,12292303,12292307,12292331,12292339,12292349,12292361,12292391,12292393,12292403,12292417,12292421,12292447,12292451,12292459,12292463,12292471,12292477,12292507,12292517,12292529,12292531,12292559,12292561,12292573,12292589,12292597,12292619,12292627,12292633,12292663,12292667,12292669,12292681,12292697,12292699,12292729,12292733,12292739,12292757,12292783,12292793,12292799,12292801,12292823,12292849,12292871,12292877,12292913,12292919,12292927,12292937,12292939,12292963,12292967,12292993,12292999,12293003,12293027,12293033,12293051,12293053,12293069,12293077,12293089,12293107,12293117,12293137,12293161,12293173,12293189,12293221,12293233,12293249,12293263,12293279,12293291,12293311,12293327,12293353,12293357,12293381,12293387,12293389,12293429,12293441,12293447,12293459,12293467,12293497,12293503,12293507,12293527,12293539,12293549,12293557,12293587,12293597,12293599,12293641,12293663,12293713,12293719,12293747,12293761,12293777,12293791,12293797,12293819,12293849,12293851,12293881,12293909,12293923,12293927,12293947,12293951,12293971,12293989,12293993,12294013,12294017,12294019,12294041,12294047,12294049,12294053,12294067,12294089,12294103,12294127,12294143,12294151,12294157,12294187,12294203,12294221,12294229,12294239,12294241,12294253,12294277,12294283,12294313,12294319,12294343,12294353,12294379,12294449,12294467,12294473,12294497,12294509,12294511,12294523,12294551,12294563,12294599,12294617,12294641,12294643,12294647,12294649,12294697,12294703,12294713,12294731,12294749,12294761,12294773,12294809,12294823,12294853,12294883,12294889,12294907,12294911,12294913,12294929,12294979,12294983,12294991,12295013,12295051,12295067,12295081,12295093,12295117,12295163,12295169,12295193,12295201,12295219,12295229,12295249,12295259,12295273,12295277,12295321,12295397,12295399,12295411,12295421,12295441,12295447,12295453,12295457,12295469,12295519,12295559,12295583,12295589,12295597,12295631,12295637,12295667,12295669,12295687,12295693,12295741,12295757,12295781,12295819,12295847,12295853,12295861,12295867,12295883,12295919,12295931,12295937,12295957,12295967,12296017,12296027,12296033,12296051,12296069,12296071,12296077,12296101,12296107,12296129,12296153,12296171,12296177,12296213,12296257,12296293,12296299,12296341,12296353,12296359,12296369,12296381,12296407,12296413,12296437,12296461,12296489,12296497,12296503,12296509,12296519,12296527,12296539,12296567,12296569,12296579,12296611,12296621,12296623,12296681,12296693,12296717,12296719,12296723,12296731,12296749,12296759,12296803,12296833,12296849,12296873,12296891,12296897,12296909,12296941,12296951,12296953,12296993,12297023,12297059,12297083,12297143,12297149,12297151,12297179,12297211,12297217,12297227,12297277,12297287,12297293,12297301,12297317,12297323,12297349,12297353,12297371,12297391,12297401,12297407,12297419,12297463,12297473,12297487,12297491,12297497,12297517,12297521,12297533,12297553,12297557,12297577,12297583,12297611,12297619,12297629,12297631,12297667,12297671,12297679,12297689,12297721,12297737,12297739,12297763,12297773,12297787,12297811,12297821,12297823,12297829,12297833,12297853,12297863,12297877,12297881,12297889,12297907,12297913,12297937,12297941,12297947,12297977,12297983,12298007,12298049,12298057,12298061,12298093,12298127,12298133,12298147,12298151,12298177,12298189,12298199,12298213,12298219,12298241,12298249,12298267,12298277,12298283,12298309,12298333,12298337,12298343,12298357,12298367,12298379,12298417,12298421,12298441,12298457,12298459,12298469,12298477,12298487,12298543,12298547,12298571,12298577,12298589,12298621,12298651,12298679,12298711,12298717,12298739,12298747,12298751,12298753,12298771,12298777,12298789,12298801,12298829,12298841,12298849,12298877,12298883,12298919,12298927,12298933,12298943,12298961,12298969,12298991,12299011,12299047,12299069,12299083,12299093,12299107,12299129,12299141,12299149,12299153,12299159,12299167,12299201,12299237,12299239,12299263,12299291,12299293,12299299,12299321,12299323,12299351,12299363,12299377,12299387,12299389,12299423,12299437,12299461,12299471,12299473,12299501,12299513,12299519,12299527,12299531,12299557,12299561,12299563,12299587,12299597,12299621,12299633,12299647,12299663,12299681,12299689,12299701,12299719,12299731,12299737,12299743,12299761,12299767,12299797,12299803,12299809,12299813,12299863,12299867,12299879,12299893,12299899,12299923,12299929,12299939,12299953,12299957,12299977,12300017,12300037,12300047,12300053,12300059,12300091,12300103,12300131,12300133,12300137,12300151,12300161,12300179,12300181,12300191,12300203,12300227,12300257,12300259,12300269,12300283,12300307,12300311,12300319,12300347,12300359,12300373,12300383,12300403,12300443,12300461,12300481,12300499,12300523,12300529,12300557,12300559,12300577,12300593,12300637,12300641,12300643,12300647,12300649,12300671,12300677,12300703,12300713,12300751,12300763,12300767,12300817,12300857,12300919,12300931,12300949,12300971,12300997,12301001,12301007,12301027,12301039,12301049,12301103,12301109,12301111,12301117,12301123,12301127,12301147,12301153,12301229,12301231,12301243,12301273,12301277,12301301,12301309,12301339,12301351,12301369,12301391,12301409,12301439,12301463,12301529,12301537,12301543,12301547,12301561,12301603,12301609,12301613,12301621,12301657,12301703,12301717,12301753,12301781,12301787,12301789,12301837,12301841,12301879,12301889,12301903,12301907,12301943,12301969,12302023,12302039,12302051,12302077,12302083,12302089,12302141,12302153,12302183,12302209,12302221,12302233,12302243,12302249,12302273,12302281,12302287,12302299,12302317,12302321,12302347,12302357,12302359,12302369,12302371,12302393,12302417,12302431,12302449,12302497,12302513,12302527,12302531,12302533,12302561,12302569,12302581,12302593,12302597,12302623,12302639,12302651,12302657,12302669,12302681,12302683,12302711,12302729,12302743,12302761,12302779,12302803,12302813,12302821,12302831,12302863,12302869,12302891,12302893,12302921,12302947,12302957,12302959,12302977,12303017,12303037,12303043,12303059,12303061,12303073,12303103,12303107,12303131,12303139,12303149,12303167,12303169,12303197,12303209,12303217,12303227,12303233,12303281,12303287,12303293,12303301,12303323,12303341,12303349,12303353,12303397,12303407,12303419,12303437,12303451,12303479,12303503,12303527,12303581,12303589,12303617,12303623,12303637,12303653,12303667,12303673,12303677,12303691,12303701,12303703,12303713,12303727,12303751,12303763,12303787,12303793,12303799,12303817,12303821,12303829,12303839,12303847,12303857,12303871,12303877,12303881,12303911,12303953,12303961,12303979,12303997,12304021,12304027,12304051,12304067,12304079,12304099,12304111,12304129,12304133,12304139,12304163,12304181,12304217,12304219,12304261,12304283,12304289,12304291,12304297,12304301,12304309,12304319,12304337,12304351,12304361,12304363,12304373,12304403,12304421,12304433,12304441,12304463,12304477,12304499,12304507,12304511,12304519,12304529,12304531,12304541,12304559,12304573,12304577,12304597,12304601,12304631,12304657,12304703,12304717,12304739,12304759,12304763,12304771,12304777,12304781,12304783,12304811,12304819,12304829,12304843,12304891,12304907,12304921,12304937,12304949,12304973,12304987,12305003,12305017,12305039,12305057,12305071,12305113,12305149,12305159,12305177,12305191,12305197,12305213,12305221,12305231,12305239,12305243,12305261,12305273,12305311,12305327,12305333,12305383,12305401,12305413,12305431,12305441,12305471,12305509,12305533,12305539,12305549,12305551,12305561,12305581,12305627,12305633,12305641,12305653,12305659,12305669,12305677,12305687,12305693,12305753,12305767,12305771,12305779,12305789,12305803,12305827,12305849,12305861,12305879,12305893,12305899,12305921,12305981,12305987,12306001,12306013,12306023,12306029,12306031,12306037,12306061,12306137,12306139,12306149,12306157,12306187,12306193,12306197,12306211,12306223,12306227,12306241,12306247,12306253,12306269,12306277,12306313,12306331,12306341,12306367,12306373,12306379,12306407,12306409,12306421,12306431,12306439,12306443,12306457,12306461,12306467,12306479,12306499,12306517,12306523,12306551,12306563,12306571,12306577,12306583,12306599,12306629,12306631,12306649,12306667,12306673,12306719,12306727,12306739,12306743,12306769,12306779,12306797,12306803,12306839,12306859,12306881,12306883,12306949,12306961,12306967,12306979,12307007,12307013,12307021,12307027,12307037,12307063,12307067,12307109,12307171,12307213,12307237,12307261,12307271,12307301,12307327,12307333,12307343,12307349,12307357,12307381,12307391,12307409,12307423,12307429,12307433,12307447,12307453,12307469,12307481,12307487,12307499,12307567,12307579,12307591,12307601,12307613,12307619,12307627,12307639,12307657,12307661,12307679,12307681,12307693,12307703,12307741,12307747,12307753,12307769,12307777,12307781,12307793,12307807,12307811,12307853,12307891,12307901,12307903,12307927,12307957,12307993,12308011,12308027,12308041,12308053,12308057,12308069,12308083,12308089,12308113,12308117,12308123,12308141,12308173,12308201,12308207,12308227,12308237,12308249,12308269,12308297,12308327,12308339,12308353,12308393,12308399,12308411,12308419,12308423,12308453,12308467,12308507,12308509,12308539,12308563,12308573,12308579,12308587,12308623,12308669,12308671,12308677,12308683,12308687,12308693,12308711,12308717,12308743,12308759,12308797,12308801,12308819,12308831,12308839,12308843,12308861,12308873,12308893,12308909,12308921,12308927,12308939,12308951,12308981,12308987,12308999,12309001,12309013,12309019,12309023,12309029,12309053,12309083,12309097,12309103,12309113,12309119,12309133,12309179,12309181,12309191,12309233,12309239,12309247,12309259,12309277,12309289,12309299,12309317,12309361,12309371,12309379,12309391,12309413,12309421,12309431,12309433,12309457,12309503,12309509,12309527,12309533,12309551,12309569,12309571,12309589,12309593,12309607,12309613,12309631,12309637,12309707,12309719,12309721,12309749,12309763,12309769,12309797,12309811,12309877,12309889,12309893,12309907,12309931,12309953,12309961,12310013,12310019,12310021,12310027,12310031,12310033,12310073,12310079,12310093,12310097,12310121,12310147,12310153,12310163,12310187,12310219,12310223,12310229,12310253,12310279,12310289,12310301,12310303,12310321,12310327,12310357,12310369,12310387,12310411,12310421,12310429,12310439,12310447,12310453,12310481,12310489,12310511,12310531,12310541,12310547,12310549,12310591,12310607,12310609,12310621,12310637,12310657,12310667,12310679,12310687,12310699,12310721,12310733,12310741,12310759,12310801,12310817,12310847,12310849,12310861,12310867,12310871,12310889,12310913,12310927,12310931,12310933,12310951,12310967,12310979,12310997,12311017,12311023,12311027,12311053,12311059,12311063,12311087,12311093,12311113,12311119,12311137,12311147,12311149,12311153,12311191,12311207,12311209,12311219,12311251,12311261,12311267,12311311,12311333,12311339,12311347,12311389,12311401,12311419,12311443,12311501,12311503,12311513,12311539,12311543,12311561,12311591,12311599,12311609,12311617,12311627,12311641,12311653,12311657,12311671,12311683,12311699,12311701,12311711,12311729,12311731,12311759,12311771,12311777,12311797,12311809,12311821,12311837,12311839,12311851,12311857,12311869,12311881,12311911,12311917,12311933,12311939,12311951,12311977,12311983,12311989,12312011,12312017,12312023,12312031,12312043,12312067,12312089,12312101,12312103,12312109,12312119,12312143,12312149,12312173,12312191,12312193,12312197,12312217,12312221,12312227,12312241,12312263,12312277,12312281,12312283,12312331,12312347,12312353,12312359,12312397,12312401,12312407,12312413,12312427,12312431,12312439,12312457,12312463,12312467,12312493,12312497,12312511,12312557,12312571,12312581,12312631,12312647,12312649,12312661,12312683,12312689,12312701,12312719,12312737,12312763,12312767,12312787,12312799,12312803,12312829,12312847,12312851,12312863,12312877,12312899,12312901,12312917,12312941,12312943,12312959,12312973,12312991,12313003,12313043,12313097,12313099,12313109,12313111,12313141,12313157,12313181,12313187,12313229,12313237,12313261,12313283,12313289,12313297,12313309,12313319,12313333,12313337,12313339,12313361,12313363,12313369,12313381,12313393,12313409,12313447,12313451,12313513,12313537,12313549,12313573,12313591,12313619,12313633,12313657,12313663,12313669,12313673,12313703,12313709,12313747,12313751,12313759,12313783,12313787,12313799,12313801,12313813,12313877,12313907,12313909,12313927,12313937,12313999,12314011,12314023,12314051,12314083,12314123,12314153,12314167,12314173,12314191,12314207,12314213,12314231,12314243,12314249,12314257,12314293,12314321,12314327,12314333,12314353,12314363,12314369,12314381,12314417,12314429,12314431,12314459,12314479,12314483,12314507,12314509,12314513,12314537,12314563,12314569,12314587,12314597,12314629,12314633,12314639,12314651,12314677,12314689,12314699,12314767,12314773,12314789,12314791,12314803,12314807,12314837,12314839,12314873,12314891,12314903,12314909,12314941,12314947,12314971,12314993,12315001,12315013,12315077,12315101,12315103,12315109,12315113,12315131,12315161,12315187,12315209,12315223,12315241,12315253,12315271,12315283,12315299,12315301,12315323,12315349,12315353,12315367,12315371,12315383,12315403,12315427,12315449,12315461,12315467,12315469,12315481,12315493,12315509,12315521,12315529,12315559,12315577,12315581,12315613,12315617,12315631,12315643,12315647,12315659,12315661,12315671,12315679,12315707,12315713,12315727,12315811,12315829,12315841,12315851,12315881,12315883,12315929,12315943,12315967,12315991,12316033,12316037,12316061,12316081,12316091,12316093,12316111,12316133,12316151,12316159,12316169,12316181,12316219,12316223,12316229,12316231,12316259,12316267,12316289,12316321,12316349,12316357,12316391,12316399,12316411,12316429,12316433,12316439,12316457,12316471,12316529,12316531,12316547,12316589,12316609,12316627,12316631,12316639,12316643,12316691,12316697,12316699,12316709,12316727,12316741,12316747,12316783,12316813,12316831,12316847,12316853,12316859,12316861,12316873,12316879,12316901,12316903,12316943,12316949,12316957,12316979,12316987,12316991,12316999,12317003,12317033,12317047,12317057,12317077,12317087,12317093,12317099,12317101,12317119,12317153,12317161,12317177,12317209,12317233,12317251,12317273,12317281,12317287,12317297,12317309,12317311,12317317,12317321,12317329,12317341,12317353,12317381,12317407,12317423,12317441,12317467,12317471,12317483,12317497,12317531,12317563,12317573,12317587,12317597,12317623,12317647,12317693,12317729,12317743,12317771,12317797,12317803,12317813,12317827,12317831,12317863,12317869,12317897,12317923,12317927,12317939,12317941,12317957,12317971,12317983,12317989,12317993,12318043,12318071,12318091,12318107,12318109,12318143,12318193,12318203,12318209,12318221,12318227,12318247,12318259,12318283,12318329,12318343,12318347,12318349,12318379,12318413,12318431,12318437,12318451,12318461,12318473,12318487,12318499,12318503,12318529,12318539,12318569,12318577,12318583,12318623,12318689,12318701,12318703,12318763,12318773,12318791,12318793,12318797,12318799,12318809,12318851,12318857,12318871,12318877,12318883,12318893,12318899,12318907,12318913,12318923,12318947,12318953,12318967,12318979,12318991,12319061,12319081,12319103,12319117,12319129,12319193,12319207,12319211,12319243,12319247,12319249,12319253,12319297,12319313,12319337,12319361,12319397,12319399,12319427,12319459,12319471,12319477,12319481,12319511,12319529,12319537,12319579,12319583,12319589,12319591,12319597,12319609,12319627,12319649,12319661,12319663,12319667,12319669,12319673,12319711,12319717,12319729,12319753,12319763,12319777,12319787,12319793,12319799,12319831,12319841,12319843,12319859,12319871,12319877,12319907,12319913,12319919,12319921,12319963,12319981,12319997,12320017,12320023,12320047,12320057,12320071,12320083,12320089,12320093,12320117,12320123,12320141,12320159,12320167,12320171,12320173,12320177,12320179,12320197,12320201,12320207,12320219,12320239,12320267,12320309,12320339,12320351,12320369,12320401,12320411,12320431,12320443,12320449,12320471,12320491,12320507,12320549,12320579,12320587,12320599,12320647,12320653,12320657,12320669,12320677,12320713,12320731,12320743,12320753,12320773,12320783,12320827,12320849,12320863,12320881,12320897,12320921,12320933,12320953,12320977,12320983,12320989,12320999,12321011,12321017,12321041,12321053,12321061,12321083,12321121,12321131,12321137,12321149,12321151,12321161,12321163,12321187,12321193,12321223,12321227,12321241,12321247,12321289,12321299,12321301,12321319,12321341,12321343,12321359,12321391,12321401,12321403,12321409,12321431,12321437,12321461,12321479,12321487,12321497,12321499,12321511,12321541,12321559,12321563,12321571,12321577,12321593,12321611,12321637,12321641,12321649,12321653,12321679,12321691,12321713,12321733,12321763,12321797,12321847,12321863,12321877,12321887,12321893,12321901,12321919,12321929,12321949,12321971,12321977,12321989,12322001,12322019,12322027,12322031,12322033,12322039,12322067,12322081,12322109,12322169,12322207,12322213,12322217,12322223,12322237,12322243,12322301,12322309,12322333,12322337,12322351,12322391,12322397,12322421,12322423,12322451,12322523,12322529,12322543,12322577,12322579,12322613,12322631,12322643,12322649,12322691,12322699,12322703,12322711,12322771,12322781,12322787,12322819,12322823,12322829,12322853,12322859,12322861,12322889,12322907,12322913,12322949,12322951,12322957,12322967,12322969,12322979,12322987,12322993,12323021,12323041,12323063,12323081,12323099,12323107,12323141,12323161,12323167,12323197,12323219,12323221,12323237,12323251,12323263,12323273,12323293,12323299,12323321,12323357,12323371,12323383,12323387,12323429,12323459,12323471,12323477,12323483,12323489,12323491,12323501,12323503,12323513,12323537,12323551,12323567,12323569,12323581,12323587,12323593,12323611,12323617,12323621,12323639,12323651,12323659,12323669,12323677,12323681,12323693,12323711,12323713,12323737,12323777,12323783,12323789,12323797,12323807,12323809,12323813,12323851,12323863,12323887,12323897,12323911,12323977,12323981,12323999,12324041,12324077,12324107,12324127,12324139,12324161,12324163,12324203,12324209,12324211,12324223,12324229,12324233,12324239,12324253,12324271,12324287,12324307,12324341,12324353,12324409,12324413,12324419,12324437,12324497,12324607,12324629,12324647,12324659,12324679,12324691,12324731,12324733,12324751,12324761,12324769,12324799,12324821,12324827,12324839,12324841,12324859,12324889,12324899,12324937,12324943,12324947,12324953,12324967,12324979,12325013,12325021,12325037,12325057,12325063,12325069,12325081,12325099,12325121,12325123,12325127,12325141,12325147,12325151,12325163,12325193,12325199,12325211,12325231,12325267,12325279,12325283,12325301,12325337,12325349,12325363,12325373,12325381,12325399,12325409,12325427,12325441,12325451,12325457,12325487,12325517,12325519,12325549,12325553,12325567,12325601,12325613,12325619,12325681,12325711,12325717,12325739,12325741,12325751,12325771,12325777,12325811,12325883,12325903,12325931,12325949,12325961,12325967,12325981,12325991,12326009,12326011,12326023,12326029,12326053,12326063,12326179,12326201,12326203,12326219,12326257,12326261,12326287,12326297,12326299,12326311,12326329,12326341,12326351,12326371,12326393,12326417,12326441,12326443,12326467,12326471,12326473,12326519,12326521,12326539,12326543,12326557,12326569,12326591,12326599,12326641,12326651,12326669,12326719,12326729,12326753,12326759,12326761,12326779,12326791,12326813,12326837,12326863,12326891,12326927,12326947,12326959,12326981,12326987,12327041,12327053,12327061,12327083,12327089,12327097,12327109,12327127,12327131,12327157,12327167,12327173,12327221,12327223,12327229,12327251,12327281,12327311,12327313,12327317,12327373,12327377,12327421,12327451,12327457,12327473,12327503,12327521,12327529,12327547,12327569,12327571,12327607,12327613,12327617,12327619,12327629,12327631,12327643,12327647,12327649,12327661,12327691,12327709,12327743,12327769,12327781,12327787,12327811,12327817,12327823,12327829,12327841,12327857,12327881,12327883,12327899,12327901,12327911,12327923,12327937,12327949,12328007,12328037,12328051,12328079,12328087,12328117,12328133,12328139,12328157,12328163,12328177,12328181,12328189,12328223,12328243,12328259,12328273,12328291,12328307,12328319,12328339,12328343,12328357,12328373,12328403,12328411,12328427,12328507,12328517,12328531,12328543,12328559,12328583,12328601,12328609,12328619,12328627,12328633,12328637,12328643,12328681,12328691,12328703,12328709,12328721,12328747,12328781,12328829,12328843,12328867,12328873,12328907,12328909,12328919,12328933,12328951,12329011,12329017,12329021,12329027,12329047,12329059,12329071,12329101,12329111,12329113,12329129,12329159,12329197,12329201,12329209,12329237,12329243,12329279,12329297,12329323,12329333,12329353,12329389,12329393,12329411,12329431,12329453,12329477,12329489,12329497,12329509,12329521,12329531,12329533,12329563,12329579,12329591,12329593,12329657,12329663,12329671,12329677,12329683,12329693,12329701,12329711,12329719,12329731,12329741,12329749,12329797,12329831,12329857,12329897,12329903,12329953,12329957,12329963,12330011,12330023,12330029,12330037,12330061,12330067,12330103,12330161,12330163,12330167,12330179,12330203,12330209,12330247,12330251,12330271,12330301,12330313,12330337,12330347,12330391,12330401,12330419,12330421,12330431,12330443,12330473,12330517,12330523,12330533,12330547,12330581,12330589,12330611,12330631,12330671,12330679,12330697,12330701,12330719,12330733,12330739,12330749,12330767,12330781,12330803,12330827,12330847,12330853,12330859,12330863,12330869,12330883,12330893,12330907,12330973,12330977,12330979,12330991,12331049,12331063,12331073,12331093,12331097,12331127,12331141,12331147,12331157,12331181,12331183,12331213,12331219,12331223,12331237,12331301,12331303,12331309,12331337,12331369,12331387,12331391,12331441,12331453,12331463,12331481,12331483,12331499,12331537,12331541,12331591,12331597,12331601,12331603,12331607,12331621,12331639,12331651,12331661,12331667,12331673,12331679,12331723,12331727,12331733,12331747,12331771,12331789,12331793,12331799,12331829,12331843,12331849,12331853,12331859,12331871,12331889,12331897,12331903,12331909,12331951,12331967,12331993,12331997,12332027,12332039,12332053,12332059,12332113,12332129,12332143,12332147,12332149,12332153,12332167,12332183,12332213,12332227,12332231,12332233,12332237,12332249,12332261,12332263,12332269,12332303,12332323,12332363,12332381,12332399,12332413,12332423,12332459,12332473,12332477,12332491,12332521,12332527,12332543,12332549,12332557,12332597,12332609,12332647,12332681,12332687,12332689,12332717,12332731,12332741,12332777,12332779,12332833,12332849,12332867,12332869,12332897,12332953,12332963,12332981,12332989,12332993,12333001,12333017,12333019,12333031,12333043,12333073,12333089,12333103,12333107,12333127,12333157,12333179,12333187,12333193,12333203,12333239,12333263,12333271,12333283,12333287,12333289,12333329,12333341,12333361,12333379,12333437,12333473,12333487,12333491,12333493,12333499,12333509,12333511,12333523,12333533,12333539,12333553,12333593,12333649,12333667,12333697,12333707,12333719,12333757,12333779,12333799,12333803,12333809,12333833,12333847,12333851,12333901,12333917,12333929,12333931,12333943,12333947,12333953,12333967,12333977,12334013,12334031,12334039,12334057,12334067,12334079,12334081,12334093,12334099,12334109,12334121,12334123,12334151,12334183,12334199,12334237,12334241,12334271,12334277,12334307,12334313,12334327,12334337,12334379,12334397,12334403,12334409,12334429,12334433,12334451,12334459,12334493,12334501,12334513,12334519,12334523,12334561,12334577,12334603,12334643,12334661,12334697,12334703,12334709,12334723,12334733,12334757,12334771,12334793,12334837,12334841,12334867,12334873,12334897,12334909,12334913,12334919,12334939,12334943,12334991,12335003,12335021,12335027,12335033,12335051,12335077,12335093,12335111,12335119,12335131,12335143,12335159,12335173,12335201,12335227,12335243,12335261,12335287,12335293,12335299,12335317,12335329,12335339,12335347,12335363,12335369,12335371,12335381,12335423,12335431,12335441,12335443,12335459,12335513,12335537,12335563,12335581,12335597,12335621,12335623,12335627,12335633,12335669,12335671,12335699,12335707,12335723,12335749,12335773,12335783,12335809,12335819,12335831,12335887,12335903,12335951,12335977,12335989,12336007,12336013,12336031,12336053,12336083,12336089,12336131,12336161,12336167,12336199,12336217,12336239,12336283,12336287,12336299,12336341,12336347,12336353,12336361,12336371,12336391,12336409,12336421,12336427,12336431,12336433,12336461,12336469,12336479,12336497,12336517,12336521,12336523,12336551,12336581,12336587,12336593,12336631,12336637,12336641,12336647,12336661,12336673,12336683,12336703,12336707,12336721,12336761,12336767,12336787,12336811,12336817,12336827,12336839,12336869,12336887,12336893,12336923,12336931,12336943,12336949,12336953,12336967,12337007,12337009,12337027,12337057,12337079,12337103,12337109,12337133,12337183,12337201,12337211,12337229,12337231,12337249,12337253,12337279,12337301,12337319,12337331,12337343,12337373,12337379,12337387,12337397,12337399,12337417,12337463,12337471,12337477,12337483,12337487,12337489,12337537,12337543,12337571,12337573,12337621,12337691,12337693,12337697,12337709,12337723,12337727,12337739,12337747,12337751,12337763,12337769,12337771,12337777,12337811,12337813,12337877,12337879,12337889,12337891,12337901,12337939,12337967,12337979,12337987,12337999,12338003,12338041,12338047,12338077,12338099,12338101,12338129,12338191,12338203,12338213,12338219,12338233,12338273,12338317,12338321,12338351,12338371,12338383,12338423,12338437,12338441,12338449,12338479,12338483,12338503,12338507,12338509,12338539,12338567,12338621,12338639,12338671,12338681,12338699,12338707,12338731,12338737,12338747,12338779,12338783,12338789,12338819,12338831,12338849,12338857,12338861,12338869,12338873,12338881,12338903,12338927,12338929,12338933,12338947,12338987,12338993,12339031,12339043,12339097,12339143,12339149,12339191,12339203,12339211,12339253,12339277,12339287,12339289,12339307,12339311,12339317,12339329,12339359,12339377,12339403,12339419,12339449,12339451,12339479,12339497,12339511,12339517,12339533,12339539,12339557,12339559,12339577,12339601,12339617,12339623,12339631,12339653,12339659,12339689,12339731,12339749,12339757,12339763,12339779,12339787,12339793,12339823,12339853,12339863,12339889,12339919,12339941,12339967,12339979,12339997,12340007,12340033,12340061,12340091,12340103,12340157,12340171,12340193,12340199,12340271,12340309,12340313,12340343,12340373,12340403,12340409,12340411,12340421,12340423,12340429,12340459,12340469,12340507,12340513,12340541,12340543,12340547,12340553,12340571,12340591,12340607,12340637,12340639,12340661,12340667,12340681,12340687,12340703,12340733,12340753,12340771,12340787,12340789,12340813,12340817,12340819,12340841,12340847,12340859,12340873,12340879,12340897,12340901,12340907,12340919,12340961,12340967,12340969,12340981,12341009,12341011,12341027,12341029,12341053,12341057,12341081,12341101,12341107,12341111,12341113,12341141,12341171,12341191,12341221,12341237,12341261,12341281,12341297,12341339,12341341,12341359,12341411,12341423,12341429,12341447,12341477,12341491,12341509,12341543,12341551,12341569,12341573,12341579,12341587,12341591,12341603,12341629,12341653,12341669,12341713,12341737,12341741,12341753,12341759,12341783,12341789,12341809,12341837,12341839,12341867,12341873,12341899,12341941,12341957,12341971,12341981,12342013,12342047,12342049,12342073,12342149,12342167,12342203,12342223,12342257,12342259,12342263,12342299,12342307,12342331,12342359,12342361,12342367,12342373,12342383,12342389,12342409,12342437,12342461,12342509,12342511,12342541,12342553,12342601,12342637,12342653,12342667,12342683,12342703,12342721,12342727,12342739,12342751,12342769,12342773,12342791,12342797,12342817,12342821,12342823,12342829,12342839,12342851,12342857,12342899,12342917,12342931,12342937,12342947,12342949,12342983,12342997,12343007,12343033,12343049,12343057,12343063,12343069,12343081,12343087,12343099,12343129,12343169,12343171,12343189,12343231,12343271,12343283,12343291,12343313,12343327,12343349,12343391,12343393,12343399,12343403,12343423,12343439,12343447,12343481,12343519,12343523,12343543,12343553,12343577,12343601,12343621,12343631,12343637,12343679,12343693,12343697,12343699,12343703,12343769,12343783,12343813,12343817,12343861,12343871,12343873,12343883,12343889,12343897,12343907,12343913,12343927,12343931,12343943,12343949,12343957,12343979,12344041,12344063,12344083,12344089,12344161,12344179,12344183,12344191,12344201,12344237,12344251,12344257,12344263,12344287,12344291,12344327,12344333,12344351,12344411,12344413,12344419,12344429,12344441,12344443,12344477,12344513,12344539,12344543,12344551,12344561,12344581,12344587,12344609,12344621,12344627,12344641,12344671,12344677,12344681,12344687,12344693,12344711,12344713,12344719,12344723,12344803,12344809,12344831,12344833,12344837,12344861,12344867,12344869,12344881,12344897,12344909,12344921,12344929,12344971,12344987,12344989,12345001,12345017,12345049,12345071,12345083,12345121,12345127,12345143,12345149,12345163,12345169,12345191,12345209,12345211,12345233,12345253,12345259,12345283,12345293,12345301,12345313,12345317,12345323,12345341,12345367,12345371,12345373,12345379,12345397,12345413,12345419,12345427,12345433,12345439,12345479,12345491,12345493,12345499,12345511,12345517,12345521,12345523,12345527,12345539,12345547,12345559,12345569,12345577,12345581,12345623,12345637,12345643,12345647,12345653,12345701,12345709,12345713,12345727,12345731,12345743,12345769,12345787,12345803,12345811,12345847,12345863,12345887,12345899,12345923,12345929,12345943,12345959,12346013,12346021,12346073,12346099,12346111,12346121,12346133,12346151,12346177,12346183,12346211,12346231,12346237,12346241,12346249,12346253,12346273,12346319,12346351,12346361,12346363,12346387,12346391,12346427,12346429,12346487,12346511,12346513,12346519,12346531,12346541,12346549,12346589,12346597,12346601,12346603,12346613,12346643,12346651,12346657,12346661,12346679,12346681,12346717,12346723,12346793,12346801,12346823,12346843,12346877,12346889,12346907,12346921,12346927,12346931,12346967,12346969,12346973,12347003,12347009,12347029,12347047,12347057,12347077,12347081,12347089,12347099,12347123,12347161,12347173,12347189,12347197,12347201,12347213,12347221,12347267,12347281,12347311,12347317,12347327,12347333,12347341,12347347,12347383,12347429,12347453,12347459,12347471,12347483,12347501,12347557,12347597,12347609,12347611,12347617,12347651,12347669,12347717,12347737,12347749,12347759,12347761,12347773,12347789,12347801,12347807,12347821,12347843,12347851,12347857,12347897,12347911,12347953,12347963,12347977,12347999,12348029,12348041,12348053,12348067,12348073,12348097,12348109,12348131,12348143,12348151,12348173,12348209,12348211,12348223,12348227,12348241,12348247,12348251,12348289,12348299,12348313,12348317,12348319,12348359,12348379,12348389,12348407,12348419,12348433,12348437,12348463,12348467,12348473,12348487,12348517,12348529,12348541,12348559,12348587,12348601,12348619,12348643,12348649,12348659,12348671,12348683,12348701,12348709,12348731,12348761,12348781,12348793,12348797,12348799,12348811,12348821,12348829,12348857,12348887,12348893,12348923,12348961,12348991,12348997,12349003,12349033,12349039,12349049,12349061,12349063,12349093,12349111,12349133,12349147,12349163,12349171,12349189,12349217,12349219,12349223,12349237,12349277,12349291,12349303,12349307,12349313,12349333,12349357,12349387,12349397,12349399,12349409,12349417,12349423,12349427,12349433,12349489,12349523,12349529,12349537,12349541,12349559,12349577,12349627,12349637,12349661,12349663,12349681,12349693,12349697,12349709,12349721,12349739,12349759,12349787,12349789,12349793,12349801,12349859,12349879,12349889,12349891,12349903,12349913,12349933,12349993,12350017,12350033,12350053,12350069,12350081,12350083,12350087,12350089,12350099,12350141,12350153,12350161,12350197,12350203,12350207,12350249,12350281,12350309,12350321,12350339,12350353,12350357,12350363,12350383,12350407,12350419,12350423,12350453,12350467,12350479,12350497,12350501,12350509,12350543,12350581,12350641,12350659,12350671,12350683,12350693,12350699,12350773,12350777,12350783,12350827,12350837,12350851,12350861,12350867,12350873,12350879,12350887,12350911,12350929,12350941,12350951,12350953,12350971,12350983,12351011,12351029,12351041,12351047,12351049,12351103,12351133,12351193,12351203,12351217,12351221,12351223,12351233,12351247,12351263,12351289,12351319,12351323,12351329,12351343,12351359,12351371,12351379,12351407,12351431,12351433,12351439,12351467,12351481,12351497,12351511,12351523,12351533,12351551,12351583,12351587,12351601,12351607,12351611,12351613,12351623,12351629,12351631,12351643,12351659,12351727,12351737,12351739,12351743,12351749,12351763,12351769,12351797,12351803,12351817,12351841,12351847,12351853,12351869,12351901,12351923,12351931,12351949,12351959,12351967,12351971,12351991,12352007,12352009,12352019,12352037,12352099,12352103,12352141,12352163,12352177,12352189,12352213,12352243,12352247,12352267,12352273,12352283,12352297,12352343,12352349,12352381,12352397,12352409,12352423,12352427,12352429,12352441,12352453,12352469,12352499,12352511,12352531,12352553,12352559,12352583,12352619,12352631,12352649,12352699,12352721,12352729,12352733,12352741,12352757,12352777,12352789,12352819,12352843,12352859,12352871,12352877,12352919,12352939,12352943,12352979,12352981,12353017,12353023,12353051,12353071,12353119,12353129,12353137,12353141,12353147,12353149,12353161,12353183,12353189,12353191,12353197,12353207,12353213,12353239,12353261,12353267,12353291,12353311,12353321,12353329,12353357,12353359,12353371,12353381,12353389,12353437,12353443,12353447,12353459,12353489,12353501,12353521,12353533,12353557,12353563,12353569,12353609,12353617,12353633,12353651,12353699,12353707,12353711,12353741,12353749,12353773,12353791,12353813,12353837,12353843,12353851,12353867,12353879,12353881,12353897,12353927,12353947,12353953,12353981,12353983,12353989,12354011,12354031,12354049,12354061,12354101,12354109,12354127,12354131,12354143,12354157,12354163,12354193,12354227,12354253,12354281,12354283,12354311,12354317,12354323,12354341,12354343,12354347,12354371,12354379,12354413,12354443,12354451,12354457,12354469,12354481,12354491,12354499,12354521,12354527,12354533,12354539,12354547,12354613,12354637,12354673,12354677,12354689,12354691,12354721,12354743,12354763,12354773,12354791,12354809,12354821,12354851,12354863,12354871,12354893,12354907,12354913,12354919,12354943,12354961,12354967,12354977,12354983,12355043,12355051,12355067,12355093,12355099,12355103,12355127,12355129,12355139,12355153,12355157,12355169,12355171,12355193,12355199,12355223,12355253,12355271,12355279,12355283,12355303,12355331,12355333,12355337,12355351,12355361,12355381,12355411,12355417,12355433,12355451,12355457,12355471,12355493,12355507,12355513,12355543,12355559,12355579,12355589,12355601,12355613,12355621,12355631,12355649,12355657,12355661,12355687,12355691,12355723,12355727,12355729,12355741,12355747,12355751,12355793,12355799,12355813,12355823,12355841,12355843,12355867,12355873,12355879,12355897,12355919,12355951,12355979,12355997,12356009,12356017,12356021,12356033,12356041,12356077,12356087,12356089,12356101,12356107,12356111,12356143,12356147,12356173,12356209,12356231,12356237,12356243,12356269,12356273,12356287,12356317,12356329,12356381,12356387,12356401,12356411,12356417,12356423,12356447,12356471,12356489,12356503,12356551,12356633,12356647,12356657,12356677,12356711,12356713,12356717,12356731,12356741,12356749,12356753,12356761,12356777,12356789,12356801,12356809,12356843,12356857,12356863,12356881,12356887,12356891,12356893,12356923,12356933,12356947,12356951,12356959,12356969,12356983,12357029,12357067,12357071,12357073,12357077,12357091,12357119,12357131,12357133,12357143,12357151,12357157,12357167,12357173,12357179,12357209,12357229,12357253,12357269,12357271,12357299,12357307,12357343,12357347,12357349,12357377,12357379,12357407,12357409,12357421,12357431,12357461,12357473,12357493,12357497,12357503,12357511,12357539,12357557,12357559,12357571,12357577,12357607,12357629,12357649,12357661,12357677,12357679,12357731,12357743,12357749,12357773,12357781,12357791,12357797,12357803,12357823,12357853,12357869,12357881,12357883,12357907,12357931,12357937,12357959,12357971,12357977,12358001,12358013,12358033,12358067,12358069,12358079,12358109,12358123,12358163,12358187,12358211,12358219,12358223,12358231,12358267,12358279,12358309,12358349,12358361,12358387,12358391,12358399,12358403,12358421,12358441,12358453,12358459,12358477,12358483,12358517,12358519,12358537,12358543,12358559,12358573,12358583,12358627,12358631,12358637,12358649,12358657,12358691,12358741,12358769,12358771,12358781,12358793,12358799,12358817,12358831,12358837,12358849,12358877,12358921,12358939,12358943,12358963,12358967,12358993,12359003,12359069,12359077,12359107,12359129,12359131,12359161,12359219,12359233,12359239,12359287,12359299,12359311,12359317,12359339,12359353,12359363,12359371,12359377,12359381,12359383,12359429,12359453,12359461,12359489,12359507,12359509,12359521,12359531,12359551,12359587,12359593,12359617,12359621,12359647,12359651,12359657,12359681,12359687,12359693,12359701,12359707,12359749,12359761,12359773,12359777,12359783,12359807,12359821,12359839,12359843,12359857,12359863,12359869,12359873,12359903,12359909,12359911,12359929,12359933,12359953,12359957,12359987,12359999,12360001,12360043,12360067,12360079,12360097,12360113,12360121,12360133,12360163,12360181,12360191,12360197,12360199,12360209,12360217,12360233,12360239,12360253,12360259,12360301,12360353,12360391,12360401,12360421,12360449,12360457,12360473,12360497,12360503,12360527,12360539,12360541,12360563,12360611,12360617,12360619,12360631,12360643,12360653,12360703,12360707,12360727,12360769,12360787,12360797,12360827,12360833,12360869,12360877,12360889,12360899,12360911,12360917,12360937,12360949,12360977,12361003,12361007,12361009,12361021,12361061,12361067,12361073,12361093,12361103,12361177,12361187,12361199,12361201,12361211,12361241,12361249,12361277,12361303,12361351,12361379,12361399,12361403,12361411,12361417,12361429,12361451,12361463,12361483,12361493,12361513,12361537,12361543,12361549,12361577,12361607,12361619,12361651,12361673,12361729,12361733,12361753,12361759,12361793,12361807,12361813,12361819,12361829,12361831,12361847,12361849,12361871,12361883,12361889,12361891,12361897,12361903,12361927,12361933,12361949,12361961,12361997,12362003,12362029,12362041,12362057,12362059,12362069,12362071,12362089,12362099,12362117,12362123,12362131,12362143,12362153,12362159,12362167,12362173,12362177,12362209,12362221,12362227,12362249,12362257,12362261,12362263,12362291,12362297,12362309,12362327,12362333,12362347,12362351,12362353,12362387,12362393,12362401,12362411,12362419,12362423,12362437,12362461,12362479,12362489,12362513,12362531,12362533,12362557,12362573,12362593,12362599,12362611,12362617,12362633,12362641,12362653,12362657,12362659,12362677,12362717,12362719,12362737,12362741,12362759,12362783,12362797,12362803,12362827,12362837,12362839,12362849,12362851,12362873,12362879,12362881,12362899,12362929,12362951,12362953,12362957,12362969,12362981,12362989,12363007,12363011,12363031,12363047,12363049,12363067,12363083,12363089,12363133,12363137,12363139,12363149,12363161,12363173,12363179,12363223,12363227,12363229,12363271,12363283,12363311,12363313,12363331,12363347,12363349,12363361,12363371,12363383,12363401,12363409,12363413,12363467,12363479,12363493,12363497,12363517,12363521,12363551,12363569,12363583,12363629,12363643,12363647,12363653,12363667,12363677,12363691,12363707,12363731,12363733,12363739,12363749,12363751,12363803,12363817,12363821,12363829,12363847,12363859,12363881,12363887,12363931,12363941,12363943,12363973,12363991,12363997,12364007,12364019,12364021,12364057,12364103,12364111,12364123,12364129,12364141,12364181,12364199,12364213,12364259,12364267,12364279,12364283,12364351,12364357,12364361,12364367,12364379,12364393,12364399,12364403,12364433,12364441,12364487,12364489,12364507,12364537,12364543,12364591,12364601,12364603,12364609,12364613,12364621,12364637,12364663,12364669,12364673,12364699,12364711,12364717,12364727,12364733,12364747,12364757,12364769,12364789,12364819,12364837,12364861,12364879,12364889,12364897,12364907,12364909,12364921,12364927,12364943,12364949,12364973,12364981,12364997,12364999,12365009,12365033,12365057,12365071,12365083,12365113,12365117,12365153,12365173,12365179,12365189,12365201,12365203,12365207,12365261,12365291,12365293,12365303,12365321,12365347,12365351,12365369,12365383,12365389,12365399,12365407,12365411,12365413,12365429,12365449,12365461,12365473,12365491,12365501,12365503,12365519,12365539,12365567,12365569,12365581,12365593,12365597,12365603,12365611,12365623,12365627,12365663,12365677,12365701,12365711,12365729,12365741,12365767,12365777,12365779,12365797,12365813,12365819,12365831,12365833,12365839,12365891,12365893,12365911,12365917,12365923,12365933,12365939,12365959,12366023,12366037,12366041,12366061,12366071,12366073,12366083,12366091,12366113,12366121,12366139,12366163,12366173,12366181,12366187,12366197,12366247,12366271,12366287,12366301,12366337,12366353,12366401,12366407,12366421,12366449,12366451,12366467,12366493,12366503,12366509,12366521,12366527,12366533,12366569,12366589,12366619,12366623,12366631,12366637,12366643,12366703,12366721,12366763,12366779,12366787,12366791,12366797,12366811,12366839,12366859,12366863,12366869,12366883,12366899,12366919,12366961,12366971,12366979,12366989,12367027,12367037,12367039,12367057,12367067,12367099,12367111,12367129,12367141,12367151,12367163,12367181,12367189,12367207,12367259,12367291,12367297,12367321,12367331,12367337,12367339,12367409,12367417,12367451,12367457,12367471,12367489,12367493,12367501,12367507,12367559,12367571,12367573,12367577,12367591,12367631,12367637,12367643,12367669,12367673,12367679,12367681,12367697,12367711,12367723,12367739,12367759,12367763,12367769,12367781,12367783,12367787,12367793,12367807,12367819,12367829,12367837,12367847,12367867,12367871,12367877,12367889,12367897,12367919,12367967,12367969,12367973,12367981,12367991,12368009,12368017,12368021,12368029,12368051,12368053,12368071,12368087,12368093,12368099,12368131,12368143,12368173,12368203,12368207,12368233,12368243,12368269,12368281,12368309,12368311,12368329,12368357,12368381,12368387,12368393,12368399,12368417,12368423,12368437,12368441,12368443,12368453,12368459,12368467,12368479,12368491,12368507,12368509,12368513,12368539,12368579,12368581,12368591,12368599,12368621,12368633,12368651,12368683,12368689,12368717,12368729,12368789,12368813,12368831,12368833,12368857,12368861,12368869,12368887,12368891,12368893,12368899,12368903,12368927,12368933,12368947,12368971,12369011,12369017,12369041,12369043,12369059,12369073,12369083,12369103,12369107,12369113,12369121,12369127,12369143,12369157,12369163,12369169,12369179,12369187,12369197,12369199,12369221,12369223,12369233,12369257,12369263,12369277,12369281,12369317,12369347,12369349,12369367,12369443,12369449,12369451,12369463,12369479,12369499,12369503,12369529,12369541,12369547,12369613,12369629,12369671,12369677,12369719,12369757,12369781,12369787,12369809,12369821,12369839,12369859,12369869,12369871,12369887,12369919,12369941,12369943,12369953,12369967,12370003,12370031,12370049,12370051,12370079,12370087,12370091,12370093,12370109,12370157,12370201,12370219,12370229,12370249,12370307,12370331,12370357,12370367,12370381,12370409,12370429,12370433,12370439,12370451,12370483,12370487,12370499,12370529,12370549,12370597,12370601,12370607,12370621,12370637,12370639,12370649,12370651,12370667,12370681,12370693,12370697,12370703,12370717,12370727,12370741,12370759,12370763,12370769,12370777,12370789,12370801,12370811,12370837,12370867,12370871,12370873,12370877,12370931,12370949,12370961,12370979,12370991,12370999,12371017,12371027,12371039,12371113,12371119,12371123,12371137,12371153,12371213,12371221,12371231,12371239,12371311,12371323,12371347,12371351,12371363,12371369,12371377,12371423,12371441,12371453,12371473,12371497,12371503,12371519,12371521,12371543,12371549,12371551,12371561,12371629,12371633,12371647,12371657,12371663,12371683,12371687,12371729,12371741,12371743,12371747,12371753,12371761,12371789,12371803,12371809,12371819,12371851,12371867,12371881,12371921,12371923,12371929,12371981,12371987,12371993,12372001,12372013,12372043,12372047,12372077,12372121,12372127,12372133,12372163,12372167,12372169,12372221,12372223,12372271,12372289,12372323,12372331,12372341,12372377,12372383,12372397,12372403,12372431,12372457,12372461,12372469,12372499,12372523,12372527,12372539,12372559,12372587,12372599,12372637,12372653,12372707,12372739,12372757,12372761,12372793,12372809,12372817,12372859,12372887,12372907,12372929,12372931,12372947,12372953,12372959,12372961,12372967,12372973,12372977,12373001,12373007,12373019,12373027,12373033,12373069,12373117,12373129,12373177,12373183,12373187,12373201,12373219,12373243,12373253,12373261,12373289,12373307,12373357,12373381,12373397,12373441,12373447,12373457,12373463,12373481,12373507,12373511,12373519,12373523,12373561,12373567,12373583,12373591,12373597,12373607,12373631,12373639,12373661,12373679,12373721,12373727,12373729,12373763,12373771,12373787,12373847,12373861,12373871,12373877,12373891,12373897,12373901,12373913,12373927,12373967,12373969,12373973,12373987,12374009,12374027,12374041,12374051,12374071,12374077,12374081,12374101,12374107,12374119,12374123,12374143,12374179,12374191,12374209,12374231,12374233,12374237,12374273,12374279,12374287,12374309,12374321,12374353,12374357,12374359,12374381,12374389,12374393,12374407,12374447,12374477,12374507,12374543,12374569,12374573,12374587,12374597,12374603,12374629,12374633,12374641,12374647,12374651,12374683,12374693,12374723,12374731,12374737,12374749,12374773,12374777,12374779,12374783,12374809,12374821,12374891,12374893,12374899,12374951,12374981,12374993,12375017,12375029,12375037,12375043,12375047,12375059,12375067,12375161,12375203,12375221,12375263,12375281,12375287,12375301,12375323,12375379,12375397,12375401,12375413,12375437,12375457,12375469,12375491,12375499,12375509,12375511,12375557,12375569,12375577,12375581,12375599,12375641,12375653,12375661,12375683,12375691,12375697,12375703,12375709,12375719,12375733,12375743,12375773,12375823,12375829,12375887,12375893,12375907,12375911,12375917,12375919,12375929,12375943,12375947,12375971,12375989,12376031,12376043,12376079,12376097,12376103,12376109,12376121,12376157,12376159,12376183,12376207,12376211,12376249,12376271,12376279,12376291,12376297,12376313,12376321,12376337,12376339,12376361,12376363,12376367,12376381,12376411,12376423,12376433,12376447,12376477,12376499,12376519,12376523,12376541,12376571,12376577,12376579,12376603,12376667,12376669,12376673,12376681,12376687,12376729,12376739,12376751,12376787,12376801,12376807,12376811,12376853,12376879,12376913,12376927,12376937,12376943,12376951,12376993,12377021,12377033,12377041,12377047,12377051,12377063,12377081,12377087,12377117,12377119,12377147,12377159,12377161,12377177,12377179,12377213,12377219,12377237,12377251,12377257,12377263,12377279,12377291,12377311,12377317,12377329,12377333,12377347,12377363,12377371,12377399,12377413,12377419,12377423,12377429,12377437,12377441,12377447,12377459,12377503,12377509,12377527,12377543,12377609,12377639,12377663,12377699,12377719,12377737,12377741,12377747,12377753,12377789,12377791,12377843,12377857,12377861,12377881,12377917,12377929,12377947,12377969,12377971,12377993,12378007,12378013,12378019,12378043,12378053,12378077,12378103,12378127,12378131,12378151,12378161,12378167,12378169,12378173,12378199,12378241,12378251,12378263,12378271,12378277,12378307,12378319,12378341,12378349,12378403,12378413,12378419,12378427,12378449,12378479,12378491,12378493,12378497,12378503,12378511,12378529,12378559,12378571,12378599,12378607,12378631,12378647,12378649,12378673,12378689,12378697,12378701,12378713,12378727,12378739,12378763,12378767,12378781,12378787,12378799,12378809,12378833,12378841,12378851,12378859,12378917,12378997,12379019,12379033,12379039,12379061,12379067,12379079,12379093,12379097,12379109,12379139,12379163,12379177,12379181,12379207,12379219,12379229,12379273,12379291,12379303,12379307,12379309,12379319,12379327,12379331,12379337,12379343,12379351,12379387,12379429,12379453,12379459,12379487,12379501,12379513,12379529,12379541,12379561,12379573,12379597,12379603,12379639,12379669,12379693,12379739,12379769,12379771,12379777,12379789,12379799,12379813,12379817,12379823,12379837,12379841,12379883,12379891,12379901,12379931,12379937,12379949,12379951,12379967,12379973,12379979,12379981,12379987,12380009,12380023,12380033,12380041,12380051,12380099,12380101,12380107,12380113,12380117,12380119,12380149,12380161,12380171,12380183,12380189,12380201,12380209,12380213,12380231,12380257,12380273,12380281,12380293,12380309,12380321,12380351,12380413,12380443,12380447,12380449,12380453,12380491,12380503,12380507,12380513,12380519,12380527,12380531,12380561,12380567,12380569,12380597,12380611,12380617,12380623,12380629,12380639,12380653,12380663,12380671,12380677,12380699,12380707,12380717,12380759,12380773,12380779,12380791,12380803,12380813,12380821,12380843,12380887,12380891,12380897,12380899,12380911,12380957,12380971,12381011,12381023,12381029,12381037,12381041,12381053,12381067,12381073,12381113,12381167,12381169,12381223,12381227,12381319,12381323,12381329,12381349,12381361,12381367,12381373,12381379,12381409,12381427,12381443,12381451,12381469,12381487,12381497,12381511,12381517,12381557,12381583,12381587,12381599,12381641,12381689,12381697,12381709,12381731,12381757,12381767,12381773,12381781,12381823,12381827,12381829,12381833,12381847,12381851,12381883,12381911,12381931,12381937,12381949,12381961,12381973,12381983,12381991,12382021,12382037,12382039,12382057,12382061,12382063,12382093,12382109,12382121,12382127,12382133,12382141,12382157,12382163,12382219,12382229,12382241,12382247,12382267,12382277,12382289,12382313,12382327,12382367,12382387,12382393,12382399,12382411,12382417,12382421,12382429,12382463,12382483,12382493,12382519,12382541,12382543,12382561,12382567,12382589,12382631,12382633,12382637,12382639,12382649,12382651,12382663,12382673,12382691,12382693,12382709,12382723,12382757,12382759,12382781,12382787,12382807,12382823,12382841,12382859,12382891,12382907,12383017,12383023,12383027,12383047,12383051,12383081,12383083,12383099,12383101,12383113,12383149,12383153,12383233,12383237,12383243,12383249,12383263,12383279,12383309,12383317,12383339,12383347,12383369,12383387,12383401,12383417,12383443,12383447,12383467,12383471,12383489,12383491,12383507,12383519,12383521,12383563,12383597,12383627,12383629,12383659,12383669,12383713,12383719,12383741,12383743,12383747,12383759,12383771,12383773,12383779,12383827,12383831,12383851,12383857,12383879,12383929,12383947,12383977,12383981,12383989,12383993,12384017,12384019,12384023,12384049,12384061,12384101,12384107,12384121,12384133,12384157,12384161,12384167,12384187,12384199,12384209,12384241,12384269,12384289,12384319,12384341,12384343,12384353,12384391,12384401,12384443,12384467,12384487,12384497,12384503,12384509,12384539,12384569,12384571,12384607,12384611,12384613,12384623,12384643,12384661,12384667,12384683,12384703,12384709,12384727,12384733,12384737,12384739,12384763,12384773,12384791,12384797,12384803,12384809,12384811,12384847,12384851,12384859,12384877,12384917,12384919,12384949,12384991,12384997,12385031,12385033,12385049,12385069,12385073,12385081,12385159,12385183,12385187,12385249,12385267,12385271,12385273,12385279,12385297,12385309,12385319,12385361,12385381,12385391,12385433,12385447,12385463,12385481,12385493,12385519,12385531,12385559,12385579,12385609,12385619,12385621,12385627,12385631,12385651,12385669,12385717,12385727,12385757,12385781,12385783,12385819,12385823,12385829,12385831,12385847,12385903,12385907,12385909,12385927,12385931,12385939,12385963,12385973,12386039,12386053,12386057,12386063,12386069,12386093,12386113,12386117,12386131,12386147,12386191,12386249,12386273,12386291,12386293,12386299,12386317,12386321,12386327,12386369,12386377,12386389,12386399,12386411,12386419,12386441,12386449,12386467,12386483,12386497,12386531,12386573,12386587,12386611,12386657,12386663,12386669,12386687,12386711,12386743,12386747,12386767,12386771,12386779,12386813,12386827,12386833,12386849,12386851,12386861,12386909,12386911,12386921,12386929,12386977,12386987,12386989,12387007,12387019,12387029,12387059,12387061,12387071,12387077,12387079,12387127,12387149,12387217,12387233,12387239,12387241,12387251,12387269,12387281,12387293,12387313,12387329,12387343,12387359,12387377,12387433,12387451,12387481,12387517,12387521,12387527,12387539,12387619,12387623,12387629,12387653,12387659,12387671,12387673,12387701,12387709,12387733,12387737,12387761,12387763,12387769,12387779,12387797,12387811,12387839,12387841,12387847,12387853,12387871,12387877,12387887,12387937,12387971,12387979,12388031,12388037,12388049,12388067,12388073,12388147,12388153,12388157,12388169,12388199,12388219,12388231,12388241,12388253,12388261,12388267,12388279,12388297,12388309,12388339,12388349,12388381,12388391,12388403,12388417,12388459,12388463,12388471,12388487,12388507,12388511,12388547,12388553,12388583,12388603,12388609,12388633,12388657,12388661,12388669,12388693,12388721,12388751,12388759,12388763,12388787,12388811,12388841,12388867,12388877,12388897,12388913,12388921,12388949,12388967,12388991,12388993,12389021,12389023,12389033,12389071,12389077,12389081,12389099,12389101,12389137,12389147,12389173,12389189,12389213,12389219,12389239,12389263,12389281,12389291,12389317,12389323,12389329,12389353,12389371,12389383,12389401,12389407,12389437,12389473,12389483,12389497,12389537,12389543,12389551,12389557,12389567,12389579,12389581,12389593,12389603,12389621,12389627,12389639,12389669,12389681,12389687,12389693,12389723,12389737,12389747,12389759,12389761,12389789,12389791,12389803,12389833,12389879,12389903,12389911,12389917,12389963,12389981,12389983,12390011,12390013,12390017,12390019,12390029,12390041,12390083,12390107,12390121,12390151,12390197,12390211,12390251,12390253,12390289,12390311,12390317,12390347,12390349,12390379,12390401,12390403,12390419,12390437,12390457,12390461,12390463,12390517,12390529,12390541,12390557,12390571,12390593,12390601,12390611,12390613,12390617,12390619,12390643,12390659,12390667,12390673,12390701,12390727,12390737,12390757,12390761,12390787,12390799,12390803,12390823,12390839,12390853,12390863,12390871,12390883,12390887,12390919,12390929,12390949,12390953,12390971,12391007,12391019,12391031,12391037,12391039,12391069,12391073,12391081,12391111,12391163,12391201,12391217,12391231,12391237,12391243,12391261,12391297,12391303,12391321,12391331,12391339,12391343,12391361,12391369,12391373,12391399,12391403,12391427,12391429,12391451,12391469,12391481,12391493,12391499,12391501,12391541,12391543,12391571,12391573,12391607,12391609,12391627,12391637,12391649,12391663,12391679,12391699,12391727,12391739,12391747,12391751,12391763,12391789,12391807,12391811,12391831,12391867,12391913,12391927,12391937,12391987,12391999,12392011,12392021,12392053,12392057,12392069,12392071,12392087,12392111,12392113,12392129,12392131,12392137,12392143,12392173,12392189,12392197,12392221,12392227,12392243,12392249,12392273,12392293,12392311,12392323,12392329,12392339,12392357,12392363,12392383,12392437,12392459,12392519,12392551,12392563,12392573,12392581,12392587,12392593,12392621,12392629,12392671,12392713,12392717,12392719,12392741,12392747,12392749,12392759,12392761,12392767,12392803,12392827,12392843,12392851,12392879,12392899,12392911,12392927,12392951,12392953,12392981,12393001,12393013,12393019,12393047,12393079,12393083,12393091,12393097,12393103,12393131,12393133,12393163,12393181,12393197,12393203,12393209,12393229,12393233,12393239,12393247,12393259,12393281,12393299,12393313,12393317,12393371,12393401,12393413,12393421,12393427,12393443,12393449,12393457,12393461,12393463,12393473,12393487,12393499,12393523,12393533,12393551,12393559,12393569,12393581,12393587,12393611,12393617,12393649,12393653,12393659,12393673,12393677,12393683,12393739,12393743,12393791,12393851,12393859,12393863,12393869,12393877,12393883,12393889,12393923,12393937,12393949,12393967,12393971,12394007,12394009,12394021,12394027,12394043,12394087,12394111,12394121,12394133,12394153,12394157,12394169,12394199,12394201,12394211,12394219,12394271,12394273,12394279,12394321,12394331,12394367,12394373,12394387,12394391,12394409,12394429,12394433,12394457,12394469,12394471,12394483,12394549,12394561,12394567,12394583,12394601,12394607,12394609,12394663,12394673,12394721,12394729,12394747,12394771,12394777,12394787,12394807,12394813,12394817,12394829,12394843,12394847,12394849,12394873,12394883,12394903,12394909,12394937,12394961,12394969,12394979,12395027,12395041,12395059,12395069,12395077,12395099,12395147,12395171,12395177,12395189,12395219,12395221,12395233,12395237,12395281,12395287,12395323,12395347,12395387,12395389,12395399,12395417,12395419,12395477,12395483,12395497,12395501,12395519,12395549,12395561,12395569,12395599,12395641,12395681,12395687,12395699,12395707,12395711,12395717,12395729,12395743,12395759,12395791,12395813,12395821,12395837,12395857,12395861,12395863,12395869,12395891,12395917,12395927,12395983,12395989,12396019,12396023,12396029,12396031,12396047,12396049,12396053,12396061,12396067,12396071,12396101,12396107,12396119,12396143,12396161,12396173,12396191,12396193,12396199,12396211,12396217,12396233,12396239,12396259,12396269,12396289,12396323,12396337,12396361,12396389,12396401,12396403,12396409,12396413,12396467,12396479,12396487,12396491,12396499,12396511,12396533,12396557,12396589,12396611,12396623,12396653,12396677,12396707,12396731,12396733,12396749,12396763,12396773,12396779,12396781,12396821,12396863,12396889,12396907,12396929,12396941,12396947,12396959,12396973,12396983,12396997,12397009,12397027,12397037,12397051,12397057,12397067,12397081,12397087,12397093,12397111,12397157,12397159,12397163,12397171,12397243,12397249,12397261,12397277,12397289,12397309,12397313,12397321,12397337,12397351,12397379,12397397,12397409,12397417,12397453,12397477,12397487,12397499,12397513,12397537,12397547,12397571,12397591,12397597,12397639,12397681,12397687,12397691,12397711,12397733,12397739,12397753,12397771,12397787,12397817,12397829,12397837,12397841,12397859,12397871,12397873,12397883,12397909,12397927,12397933,12397939,12397961,12397969,12397991,12398011,12398033,12398039,12398041,12398063,12398119,12398137,12398159,12398179,12398207,12398231,12398257,12398261,12398273,12398299,12398303,12398327,12398329,12398333,12398369,12398371,12398381,12398413,12398429,12398467,12398471,12398483,12398489,12398509,12398527,12398537,12398549,12398557,12398569,12398591,12398611,12398651,12398669,12398671,12398693,12398717,12398719,12398723,12398753,12398759,12398777,12398779,12398803,12398807,12398833,12398843,12398879,12398941,12398957,12398987,12398989,12399011,12399031,12399041,12399061,12399067,12399073,12399089,12399091,12399109,12399113,12399119,12399143,12399157,12399161,12399169,12399173,12399193,12399197,12399199,12399251,12399253,12399271,12399293,12399301,12399311,12399313,12399347,12399371,12399383,12399397,12399407,12399427,12399451,12399463,12399487,12399503,12399539,12399547,12399577,12399593,12399637,12399643,12399649,12399677,12399679,12399683,12399697,12399727,12399763,12399769,12399787,12399809,12399811,12399823,12399833,12399839,12399857,12399859,12399883,12399901,12399923,12399931,12399941,12399973,12399977,12399983,12399991,12400001,12400009,12400043,12400049,12400097,12400109,12400127,12400169,12400181,12400183,12400231,12400237,12400247,12400303,12400309,12400343,12400373,12400379,12400387,12400397,12400441,12400457,12400489,12400511,12400517,12400541,12400543,12400547,12400567,12400571,12400601,12400613,12400627,12400643,12400669,12400691,12400697,12400699,12400721,12400741,12400753,12400757,12400793,12400847,12400849,12400859,12400879,12400889,12400897,12400907,12400909,12400943,12400967,12400981,12400987,12401027,12401047,12401063,12401087,12401093,12401101,12401107,12401111,12401141,12401149,12401153,12401173,12401189,12401251,12401261,12401267,12401287,12401293,12401309,12401317,12401351,12401369,12401399,12401429,12401437,12401447,12401489,12401491,12401497,12401507,12401533,12401537,12401539,12401563,12401569,12401573,12401579,12401593,12401671,12401713,12401723,12401729,12401731,12401743,12401791,12401819,12401827,12401833,12401861,12401867,12401887,12401903,12401929,12401933,12401941,12401951,12401957,12401969,12401989,12402007,12402011,12402023,12402059,12402073,12402097,12402113,12402133,12402149,12402151,12402157,12402167,12402179,12402191,12402217,12402223,12402233,12402241,12402251,12402253,12402259,12402281,12402287,12402293,12402311,12402349,12402353,12402389,12402391,12402431,12402457,12402461,12402479,12402491,12402499,12402527,12402547,12402569,12402587,12402601,12402613,12402617,12402641,12402647,12402653,12402661,12402667,12402679,12402713,12402737,12402739,12402743,12402751,12402769,12402781,12402799,12402811,12402853,12402893,12402913,12402917,12402931,12402941,12402961,12402977,12402997,12403009,12403019,12403031,12403043,12403051,12403057,12403063,12403087,12403121,12403123,12403147,12403163,12403169,12403189,12403199,12403243,12403249,12403267,12403273,12403283,12403297,12403301,12403309,12403351,12403381,12403397,12403423,12403439,12403451,12403459,12403481,12403513,12403519,12403529,12403541,12403543,12403571,12403577,12403583,12403597,12403609,12403639,12403661,12403669,12403673,12403687,12403691,12403697,12403733,12403753,12403759,12403763,12403837,12403847,12403849,12403871,12403879,12403883,12403889,12403891,12403901,12403921,12403933,12403939,12403949,12403957,12403973,12404003,12404011,12404023,12404053,12404059,12404089,12404143,12404149,12404159,12404191,12404201,12404269,12404281,12404299,12404311,12404333,12404341,12404369,12404387,12404389,12404401,12404417,12404419,12404423,12404437,12404449,12404453,12404467,12404531,12404537,12404563,12404603,12404627,12404629,12404647,12404653,12404669,12404677,12404699,12404723,12404729,12404761,12404767,12404771,12404803,12404807,12404813,12404827,12404863,12404897,12404957,12404971,12404989,12404999,12405007,12405013,12405023,12405031,12405067,12405077,12405089,12405091,12405137,12405167,12405187,12405209,12405221,12405269,12405277,12405299,12405313,12405317,12405319,12405331,12405343,12405353,12405377,12405383,12405389,12405391,12405403,12405431,12405433,12405467,12405469,12405521,12405539,12405541,12405557,12405571,12405577,12405587,12405623,12405637,12405661,12405667,12405691,12405703,12405709,12405719,12405749,12405751,12405779,12405793,12405817,12405829,12405851,12405893,12405919,12405949,12405961,12406013,12406021,12406027,12406049,12406057,12406087,12406099,12406103,12406111,12406127,12406129,12406139,12406151,12406193,12406213,12406217,12406253,12406267,12406307,12406321,12406357,12406367,12406369,12406391,12406393,12406421,12406441,12406451,12406463,12406483,12406501,12406517,12406529,12406531,12406561,12406621,12406627,12406631,12406633,12406649,12406657,12406663,12406673,12406687,12406703,12406711,12406721,12406733,12406741,12406759,12406763,12406769,12406777,12406781,12406799,12406811,12406813,12406819,12406837,12406841,12406843,12406847,12406883,12406897,12406907,12406937,12406939,12406949,12406963,12406967,12406987,12406997,12407023,12407039,12407047,12407069,12407077,12407111,12407113,12407117,12407119,12407147,12407149,12407159,12407191,12407203,12407221,12407233,12407237,12407243,12407251,12407309,12407333,12407359,12407377,12407383,12407393,12407407,12407411,12407413,12407429,12407431,12407453,12407477,12407509,12407567,12407573,12407581,12407609,12407611,12407623,12407639,12407699,12407701,12407713,12407729,12407761,12407767,12407803,12407809,12407831,12407861,12407869,12407873,12407887,12407891,12407917,12407921,12407939,12407947,12407959,12407963,12407981,12407999,12408001,12408013,12408023,12408043,12408073,12408089,12408103,12408119,12408127,12408131,12408139,12408161,12408169,12408203,12408211,12408223,12408229,12408239,12408241,12408269,12408271,12408301,12408313,12408343,12408353,12408359,12408377,12408379,12408397,12408421,12408427,12408443,12408479,12408499,12408509,12408511,12408533,12408547,12408551,12408563,12408581,12408619,12408631,12408659,12408689,12408709,12408743,12408751,12408757,12408761,12408779,12408787,12408797,12408853,12408857,12408871,12408889,12408899,12408923,12408971,12408973,12408989,12409037,12409091,12409127,12409139,12409141,12409151,12409153,12409193,12409217,12409219,12409231,12409249,12409253,12409277,12409279,12409289,12409333,12409339,12409349,12409357,12409373,12409379,12409381,12409387,12409391,12409421,12409433,12409459,12409471,12409519,12409531,12409549,12409561,12409571,12409577,12409589,12409601,12409613,12409619,12409637,12409667,12409681,12409687,12409693,12409697,12409723,12409729,12409801,12409819,12409829,12409841,12409849,12409879,12409909,12409913,12409919,12409931,12409939,12409979,12409981,12409987,12409997,12410009,12410011,12410029,12410033,12410039,12410053,12410063,12410081,12410089,12410117,12410129,12410141,12410143,12410149,12410159,12410171,12410191,12410201,12410227,12410257,12410269,12410291,12410327,12410339,12410341,12410353,12410369,12410371,12410381,12410393,12410407,12410417,12410441,12410443,12410449,12410467,12410483,12410507,12410551,12410557,12410597,12410599,12410603,12410621,12410641,12410653,12410669,12410683,12410687,12410689,12410701,12410711,12410737,12410747,12410759,12410767,12410791,12410807,12410813,12410837,12410843,12410863,12410887,12410899,12410911,12410917,12410963,12410977,12411001,12411011,12411017,12411019,12411023,12411029,12411041,12411059,12411083,12411103,12411107,12411131,12411167,12411209,12411221,12411229,12411257,12411263,12411271,12411277,12411293,12411307,12411319,12411331,12411341,12411349,12411353,12411359,12411361,12411367,12411379,12411403,12411407,12411409,12411419,12411433,12411437,12411457,12411461,12411481,12411491,12411499,12411517,12411521,12411523,12411527,12411557,12411599,12411601,12411647,12411661,12411667,12411689,12411719,12411733,12411757,12411767,12411779,12411787,12411799,12411803,12411859,12411863,12411869,12411877,12411899,12411937,12411943,12411947,12411953,12411967,12411979,12412013,12412021,12412027,12412031,12412067,12412109,12412129,12412151,12412171,12412177,12412199,12412237,12412241,12412271,12412273,12412313,12412333,12412357,12412373,12412391,12412399,12412447,12412451,12412457,12412469,12412483,12412489,12412507,12412511,12412513,12412523,12412541,12412549,12412573,12412583,12412657,12412661,12412693,12412739,12412753,12412781,12412787,12412793,12412819,12412823,12412837,12412867,12412879,12412901,12412903,12412913,12412921,12412949,12412987,12412991,12412997,12413003,12413017,12413021,12413039,12413053,12413057,12413059,12413083,12413087,12413101,12413147,12413153,12413173,12413207,12413209,12413227,12413239,12413243,12413273,12413287,12413321,12413329,12413333,12413377,12413393,12413411,12413419,12413449,12413459,12413461,12413477,12413483,12413497,12413509,12413521,12413539,12413549,12413551,12413579,12413617,12413633,12413641,12413651,12413657,12413701,12413719,12413743,12413747,12413749,12413761,12413773,12413789,12413801,12413803,12413831,12413837,12413851,12413887,12413909,12413911,12413923,12413941,12413957,12413959,12413983,12413993,12414019,12414041,12414047,12414053,12414071,12414091,12414107,12414113,12414121,12414133,12414169,12414173,12414191,12414211,12414263,12414287,12414329,12414331,12414371,12414373,12414379,12414383,12414433,12414443,12414449,12414469,12414511,12414517,12414527,12414541,12414547,12414557,12414583,12414629,12414643,12414679,12414707,12414719,12414751,12414757,12414763,12414793,12414797,12414799,12414823,12414827,12414851,12414859,12414881,12414887,12414893,12414907,12414931,12414937,12414949,12414953,12414959,12414967,12415027,12415031,12415043,12415093,12415099,12415121,12415129,12415133,12415141,12415163,12415171,12415177,12415181,12415187,12415199,12415211,12415217,12415229,12415231,12415237,12415267,12415279,12415307,12415343,12415357,12415367,12415369,12415373,12415397,12415399,12415421,12415439,12415453,12415477,12415499,12415511,12415523,12415537,12415541,12415553,12415577,12415583,12415603,12415639,12415643,12415651,12415657,12415679,12415681,12415801,12415807,12415813,12415847,12415859,12415861,12415867,12415889,12415919,12415937,12415957,12415969,12415993,12415999,12416003,12416009,12416017,12416023,12416029,12416077,12416083,12416093,12416099,12416119,12416143,12416167,12416189,12416191,12416203,12416221,12416249,12416279,12416281,12416303,12416323,12416347,12416357,12416377,12416401,12416429,12416431,12416449,12416473,12416483,12416501,12416513,12416531,12416533,12416539,12416549,12416567,12416603,12416623,12416629,12416639,12416683,12416687,12416689,12416737,12416741,12416743,12416759,12416773,12416777,12416791,12416819,12416821,12416837,12416869,12416879,12416897,12416923,12416939,12416947,12417001,12417007,12417037,12417059,12417061,12417091,12417103,12417149,12417151,12417169,12417173,12417179,12417187,12417193,12417253,12417257,12417271,12417313,12417319,12417323,12417331,12417347,12417397,12417407,12417413,12417437,12417467,12417499,12417521,12417527,12417551,12417557,12417563,12417571,12417593,12417637,12417641,12417653,12417703,12417719,12417721,12417731,12417739,12417749,12417761,12417781,12417791,12417833,12417851,12417859,12417893,12417901,12417913,12417929,12417947,12417959,12417967,12418019,12418067,12418069,12418079,12418097,12418111,12418117,12418141,12418151,12418163,12418171,12418181,12418193,12418213,12418277,12418291,12418297,12418303,12418309,12418327,12418331,12418337,12418339,12418349,12418363,12418369,12418411,12418429,12418433,12418451,12418493,12418499,12418501,12418513,12418519,12418537,12418547,12418561,12418579,12418633,12418649,12418661,12418673,12418691,12418729,12418739,12418751,12418753,12418811,12418829,12418831,12418849,12418867,12418877,12418883,12418897,12418921,12418927,12418933,12418937,12418961,12418981,12418999,12419009,12419021,12419063,12419081,12419083,12419089,12419101,12419153,12419177,12419191,12419213,12419227,12419237,12419243,12419273,12419291,12419317,12419339,12419347,12419359,12419377,12419387,12419399,12419411,12419413,12419419,12419443,12419447,12419467,12419479,12419489,12419501,12419507,12419513,12419567,12419587,12419591,12419621,12419633,12419657,12419689,12419699,12419713,12419767,12419773,12419777,12419779,12419807,12419831,12419833,12419837,12419867,12419873,12419881,12419887,12419899,12419903,12419909,12419929,12419947,12419951,12419963,12419969,12419971,12419983,12419989,12420011,12420017,12420019,12420029,12420041,12420043,12420059,12420097,12420131,12420137,12420139,12420151,12420211,12420227,12420229,12420257,12420263,12420269,12420277,12420311,12420313,12420329,12420337,12420341,12420347,12420349,12420371,12420379,12420383,12420389,12420413,12420451,12420469,12420479,12420487,12420511,12420517,12420521,12420571,12420589,12420599,12420607,12420619,12420649,12420673,12420689,12420691,12420703,12420719,12420721,12420757,12420767,12420769,12420773,12420781,12420791,12420823,12420833,12420839,12420841,12420853,12420871,12420887,12420917,12420923,12420973,12420979,12421007,12421009,12421021,12421037,12421039,12421051,12421061,12421099,12421103,12421121,12421163,12421177,12421183,12421187,12421217,12421223,12421229,12421243,12421261,12421267,12421291,12421327,12421333,12421349,12421351,12421361,12421391,12421393,12421397,12421399,12421417,12421427,12421429,12421433,12421439,12421481,12421501,12421517,12421537,12421553,12421567,12421579,12421589,12421597,12421601,12421621,12421631,12421637,12421639,12421681,12421691,12421693,12421699,12421709,12421727,12421757,12421789,12421837,12421841,12421853,12421859,12421861,12421873,12421891,12421921,12421933,12421949,12421987,12422009,12422023,12422027,12422051,12422077,12422083,12422119,12422129,12422131,12422149,12422153,12422209,12422243,12422281,12422287,12422309,12422329,12422339,12422341,12422363,12422401,12422407,12422437,12422441,12422453,12422471,12422533,12422539,12422581,12422603,12422633,12422647,12422651,12422653,12422659,12422687,12422747,12422777,12422797,12422803,12422843,12422857,12422867,12422873,12422897,12422923,12422929,12422951,12422953,12422989,12422999,12423011,12423031,12423053,12423071,12423079,12423097,12423109,12423113,12423119,12423121,12423133,12423143,12423149,12423161,12423167,12423211,12423233,12423239,12423251,12423263,12423347,12423349,12423361,12423373,12423377,12423401,12423407,12423409,12423457,12423487,12423491,12423539,12423563,12423569,12423577,12423581,12423613,12423623,12423643,12423667,12423673,12423713,12423731,12423751,12423767,12423781,12423799,12423811,12423833,12423847,12423869,12423893,12423907,12423941,12423973,12423997,12424001,12424003,12424007,12424019,12424031,12424037,12424039,12424057,12424063,12424073,12424099,12424103,12424123,12424177,12424201,12424231,12424241,12424319,12424327,12424333,12424337,12424343,12424351,12424387,12424427,12424471,12424481,12424487,12424493,12424507,12424523,12424543,12424561,12424571,12424589,12424619,12424627,12424639,12424649,12424661,12424691,12424703,12424723,12424771,12424777,12424799,12424813,12424829,12424837,12424849,12424861,12424877,12424901,12424921,12424931,12424969,12425027,12425047,12425051,12425053,12425059,12425087,12425089,12425117,12425131,12425143,12425159,12425167,12425197,12425207,12425209,12425227,12425239,12425243,12425261,12425263,12425269,12425279,12425291,12425293,12425321,12425339,12425353,12425363,12425393,12425417,12425423,12425443,12425461,12425467,12425471,12425473,12425477,12425503,12425509,12425551,12425573,12425591,12425597,12425629,12425641,12425663,12425671,12425683,12425687,12425689,12425701,12425711,12425713,12425729,12425731,12425741,12425771,12425789,12425857,12425863,12425873,12425879,12425893,12425899,12425909,12425927,12425939,12425951,12425977,12425999,12426041,12426047,12426053,12426059,12426077,12426107,12426119,12426121,12426137,12426143,12426151,12426173,12426223,12426241,12426251,12426259,12426277,12426313,12426329,12426331,12426341,12426343,12426347,12426353,12426367,12426373,12426383,12426389,12426409,12426431,12426481,12426499,12426503,12426517,12426523,12426559,12426577,12426581,12426599,12426607,12426619,12426653,12426671,12426679,12426727,12426769,12426781,12426793,12426811,12426829,12426833,12426839,12426851,12426853,12426889,12426899,12426901,12426907,12426913,12426919,12426943,12426979,12426989,12426991,12427027,12427057,12427073,12427081,12427091,12427097,12427117,12427139,12427147,12427169,12427171,12427183,12427189,12427193,12427211,12427213,12427231,12427237,12427277,12427297,12427307,12427309,12427319,12427321,12427339,12427367,12427369,12427381,12427403,12427409,12427421,12427423,12427439,12427483,12427487,12427489,12427511,12427579,12427603,12427607,12427661,12427687,12427699,12427703,12427711,12427717,12427733,12427741,12427759,12427777,12427781,12427813,12427841,12427847,12427859,12427861,12427873,12427907,12427939,12427951,12427991,12427997,12428011,12428021,12428047,12428051,12428077,12428089,12428113,12428137,12428191,12428197,12428203,12428219,12428233,12428237,12428243,12428279,12428287,12428293,12428321,12428329,12428389,12428401,12428431,12428467,12428473,12428491,12428509,12428519,12428543,12428557,12428569,12428597,12428599,12428609,12428623,12428629,12428639,12428657,12428681,12428693,12428711,12428723,12428729,12428749,12428753,12428771,12428803,12428813,12428827,12428837,12428891,12428903,12428909,12428951,12428953,12428987,12429019,12429037,12429049,12429061,12429073,12429121,12429127,12429143,12429163,12429181,12429187,12429217,12429229,12429247,12429257,12429259,12429283,12429301,12429323,12429343,12429359,12429367,12429383,12429409,12429449,12429457,12429463,12429467,12429493,12429503,12429511,12429523,12429541,12429551,12429559,12429563,12429569,12429583,12429587,12429607,12429653,12429671,12429679,12429689,12429691,12429727,12429733,12429749,12429751,12429793,12429803,12429811,12429841,12429863,12429883,12429889,12429947,12429953,12429973,12429983,12430001,12430003,12430021,12430049,12430073,12430079,12430081,12430087,12430091,12430127,12430129,12430133,12430181,12430193,12430207,12430211,12430219,12430267,12430277,12430279,12430283,12430291,12430303,12430307,12430321,12430331,12430337,12430343,12430361,12430387,12430391,12430403,12430423,12430433,12430447,12430463,12430489,12430501,12430507,12430547,12430549,12430559,12430591,12430619,12430669,12430679,12430681,12430703,12430709,12430727,12430739,12430793,12430799,12430801,12430813,12430823,12430829,12430837,12430849,12430861,12430903,12430931,12430963,12431033,12431057,12431071,12431099,12431117,12431143,12431147,12431183,12431189,12431191,12431197,12431239,12431281,12431317,12431327,12431329,12431357,12431387,12431399,12431407,12431411,12431413,12431443,12431479,12431501,12431513,12431533,12431537,12431557,12431561,12431563,12431597,12431599,12431611,12431621,12431663,12431689,12431693,12431701,12431711,12431759,12431767,12431801,12431803,12431813,12431821,12431843,12431849,12431857,12431893,12431911,12431927,12431929,12431941,12431957,12431959,12431971,12431977,12432011,12432053,12432071,12432089,12432107,12432163,12432169,12432179,12432187,12432193,12432221,12432241,12432247,12432257,12432269,12432311,12432317,12432323,12432341,12432367,12432379,12432391,12432449,12432493,12432509,12432521,12432523,12432527,12432533,12432569,12432571,12432583,12432601,12432683,12432689,12432697,12432701,12432713,12432731,12432737,12432757,12432773,12432779,12432809,12432839,12432841,12432853,12432877,12432883,12432907,12432929,12432943,12432947,12432961,12432971,12432997,12433009,12433021,12433037,12433067,12433093,12433117,12433121,12433153,12433177,12433231,12433237,12433243,12433249,12433283,12433297,12433313,12433319,12433331,12433339,12433349,12433361,12433381,12433397,12433417,12433423,12433453,12433457,12433459,12433481,12433513,12433529,12433541,12433571,12433609,12433627,12433693,12433703,12433711,12433717,12433741,12433763,12433769,12433781,12433789,12433801,12433819,12433829,12433831,12433843,12433849,12433867,12433873,12433891,12433903,12433921,12433933,12433937,12433943,12433951,12433963,12433973,12434003,12434027,12434033,12434039,12434083,12434137,12434143,12434161,12434167,12434173,12434197,12434203,12434207,12434231,12434249,12434269,12434281,12434287,12434297,12434299,12434311,12434347,12434351,12434369,12434447,12434449,12434473,12434483,12434491,12434501,12434507,12434509,12434537,12434549,12434561,12434563,12434579,12434621,12434629,12434647,12434657,12434659,12434687,12434711,12434717,12434729,12434753,12434761,12434771,12434777,12434831,12434839,12434843,12434887,12434897,12434921,12434941,12434953,12434957,12434969,12434971,12434993,12435023,12435029,12435043,12435053,12435089,12435097,12435103,12435121,12435167,12435173,12435179,12435187,12435191,12435193,12435209,12435223,12435233,12435257,12435263,12435271,12435281,12435323,12435343,12435349,12435383,12435389,12435407,12435419,12435421,12435431,12435463,12435473,12435487,12435503,12435509,12435523,12435529,12435541,12435559,12435611,12435613,12435629,12435673,12435679,12435727,12435739,12435757,12435767,12435793,12435821,12435853,12435859,12435883,12435889,12435923,12435947,12435949,12435971,12435977,12435979,12436003,12436007,12436043,12436049,12436057,12436063,12436069,12436091,12436097,12436103,12436111,12436121,12436141,12436183,12436187,12436189,12436211,12436267,12436271,12436283,12436321,12436327,12436337,12436343,12436349,12436351,12436357,12436373,12436381,12436387,12436409,12436423,12436427,12436439,12436453,12436513,12436517,12436531,12436547,12436553,12436559,12436561,12436591,12436597,12436603,12436651,12436681,12436709,12436751,12436763,12436777,12436783,12436829,12436867,12436873,12436883,12436901,12436909,12436913,12436943,12436967,12436987,12436993,12437011,12437021,12437057,12437071,12437123,12437129,12437137,12437171,12437189,12437209,12437213,12437221,12437239,12437261,12437297,12437333,12437339,12437357,12437371,12437393,12437401,12437413,12437423,12437429,12437431,12437441,12437459,12437471,12437501,12437507,12437519,12437527,12437531,12437543,12437597,12437599,12437629,12437639,12437651,12437653,12437671,12437683,12437701,12437743,12437767,12437791,12437807,12437857,12437861,12437891,12437911,12437923,12437927,12437941,12437969,12438043,12438053,12438061,12438077,12438079,12438089,12438091,12438119,12438121,12438149,12438157,12438191,12438197,12438227,12438247,12438263,12438269,12438281,12438287,12438289,12438299,12438301,12438311,12438403,12438421,12438427,12438451,12438473,12438479,12438487,12438497,12438499,12438511,12438523,12438529,12438553,12438599,12438631,12438637,12438659,12438677,12438683,12438707,12438721,12438737,12438743,12438773,12438799,12438809,12438817,12438823,12438827,12438851,12438859,12438869,12438871,12438887,12438931,12438947,12438983,12439003,12439013,12439039,12439069,12439073,12439081,12439093,12439123,12439139,12439157,12439187,12439199,12439211,12439237,12439253,12439279,12439283,12439321,12439331,12439351,12439369,12439381,12439387,12439409,12439417,12439439,12439447,12439517,12439519,12439541,12439549,12439561,12439591,12439601,12439607,12439621,12439627,12439633,12439643,12439667,12439673,12439723,12439727,12439751,12439783,12439829,12439837,12439841,12439871,12439877,12439879,12439907,12439909,12439919,12439951,12439969,12439979,12440009,12440017,12440027,12440053,12440059,12440089,12440093,12440111,12440119,12440137,12440143,12440147,12440161,12440167,12440173,12440191,12440203,12440221,12440227,12440249,12440273,12440293,12440317,12440339,12440357,12440369,12440371,12440381,12440411,12440423,12440429,12440431,12440453,12440471,12440479,12440489,12440513,12440521,12440537,12440551,12440557,12440567,12440581,12440591,12440629,12440657,12440663,12440693,12440711,12440741,12440809,12440819,12440851,12440863,12440867,12440873,12440881,12440899,12440921,12440969,12440977,12440983,12440993,12441001,12441017,12441031,12441049,12441089,12441097,12441101,12441103,12441131,12441173,12441179,12441197,12441217,12441223,12441239,12441241,12441269,12441283,12441311,12441313,12441329,12441349,12441353,12441383,12441419,12441421,12441439,12441479,12441497,12441503,12441521,12441547,12441553,12441557,12441581,12441593,12441601,12441607,12441613,12441629,12441661,12441673,12441701,12441707,12441719,12441721,12441727,12441761,12441763,12441769,12441787,12441791,12441823,12441859,12441883,12441893,12441907,12441911,12441917,12441937,12441991,12441997,12442019,12442021,12442033,12442043,12442051,12442069,12442081,12442099,12442117,12442139,12442151,12442153,12442159,12442163,12442201,12442217,12442219,12442223,12442237,12442259,12442271,12442273,12442277,12442301,12442319,12442327,12442337,12442343,12442349,12442373,12442387,12442411,12442427,12442429,12442513,12442531,12442553,12442561,12442601,12442607,12442627,12442643,12442649,12442667,12442673,12442681,12442699,12442741,12442763,12442813,12442817,12442847,12442877,12442883,12442901,12442933,12442939,12442951,12442957,12442973,12442979,12442987,12442993,12442999,12443029,12443047,12443083,12443087,12443089,12443107,12443129,12443147,12443149,12443153,12443191,12443219,12443231,12443237,12443243,12443251,12443261,12443267,12443273,12443281,12443293,12443311,12443317,12443323,12443339,12443341,12443363,12443399,12443411,12443429,12443449,12443467,12443471,12443477,12443479,12443489,12443491,12443521,12443539,12443551,12443591,12443593,12443611,12443633,12443647,12443657,12443681,12443687,12443693,12443701,12443719,12443731,12443747,12443771,12443777,12443789,12443791,12443819,12443833,12443863,12443887,12443903,12443911,12443933,12443953,12443969,12443971,12443999,12444007,12444011,12444023,12444037,12444041,12444073,12444077,12444097,12444137,12444139,12444163,12444169,12444181,12444193,12444239,12444251,12444281,12444283,12444307,12444319,12444337,12444343,12444389,12444407,12444413,12444437,12444473,12444503,12444511,12444521,12444533,12444539,12444557,12444571,12444611,12444631,12444637,12444659,12444661,12444701,12444709,12444713,12444721,12444737,12444739,12444743,12444749,12444767,12444787,12444823,12444827,12444841,12444851,12444871,12444881,12444889,12444893,12444911,12444941,12444979,12445009,12445021,12445033,12445039,12445067,12445079,12445091,12445109,12445117,12445123,12445129,12445151,12445157,12445163,12445187,12445249,12445267,12445289,12445297,12445319,12445331,12445339,12445351,12445397,12445409,12445417,12445439,12445441,12445469,12445471,12445483,12445501,12445529,12445541,12445549,12445561,12445567,12445577,12445583,12445597,12445603,12445613,12445639,12445651,12445679,12445681,12445687,12445709,12445711,12445723,12445753,12445757,12445781,12445841,12445859,12445871,12445879,12445883,12445889,12445907,12445913,12445957,12445997,12445999,12446011,12446029,12446033,12446041,12446047,12446053,12446069,12446081,12446101,12446113,12446143,12446153,12446173,12446207,12446219,12446237,12446251,12446267,12446293,12446303,12446321,12446327,12446341,12446353,12446419,12446429,12446443,12446449,12446453,12446459,12446491,12446503,12446507,12446509,12446521,12446527,12446537,12446549,12446563,12446579,12446633,12446671,12446683,12446723,12446743,12446747,12446773,12446789,12446801,12446807,12446809,12446851,12446857,12446879,12446893,12446921,12446923,12446947,12446999,12447007,12447023,12447031,12447041,12447047,12447079,12447107,12447121,12447173,12447187,12447199,12447217,12447221,12447269,12447277,12447283,12447287,12447329,12447343,12447353,12447361,12447371,12447373,12447377,12447389,12447401,12447469,12447499,12447509,12447517,12447529,12447541,12447557,12447569,12447571,12447581,12447601,12447613,12447667,12447703,12447713,12447727,12447731,12447767,12447779,12447781,12447811,12447817,12447823,12447847,12447871,12447881,12447901,12447937,12447943,12447959,12447971,12447973,12447977,12448001,12448003,12448031,12448049,12448061,12448067,12448099,12448151,12448153,12448157,12448171,12448181,12448187,12448201,12448213,12448237,12448277,12448283,12448291,12448327,12448333,12448339,12448357,12448417,12448427,12448433,12448441,12448459,12448463,12448517,12448523,12448547,12448559,12448571,12448603,12448609,12448619,12448621,12448633,12448651,12448661,12448673,12448679,12448699,12448703,12448721,12448739,12448753,12448759,12448769,12448771,12448817,12448829,12448837,12448853,12448867,12448873,12448897,12448903,12448939,12448967,12448987,12449023,12449027,12449029,12449081,12449089,12449111,12449119,12449147,12449243,12449249,12449263,12449273,12449293,12449299,12449303,12449309,12449369,12449377,12449387,12449399,12449431,12449441,12449443,12449449,12449461,12449467,12449519,12449533,12449537,12449543,12449573,12449581,12449597,12449603,12449611,12449623,12449663,12449677,12449681,12449699,12449707,12449711,12449719,12449737,12449803,12449821,12449837,12449839,12449849,12449861,12449869,12449881,12449887,12449893,12449897,12449909,12449939,12449951,12449963,12449977,12449981,12449999,12450023,12450059,12450079,12450131,12450133,12450173,12450197,12450211,12450247,12450259,12450293,12450311,12450323,12450329,12450343,12450359,12450391,12450397,12450419,12450421,12450433,12450439,12450457,12450469,12450481,12450509,12450517,12450523,12450539,12450547,12450551,12450563,12450569,12450577,12450583,12450587,12450617,12450619,12450653,12450667,12450671,12450673,12450709,12450731,12450733,12450761,12450787,12450791,12450793,12450847,12450853,12450859,12450863,12450883,12450929,12450931,12450937,12450943,12450973,12450979,12450989,12451013,12451039,12451051,12451067,12451069,12451091,12451093,12451097,12451141,12451147,12451163,12451169,12451217,12451223,12451253,12451261,12451267,12451279,12451291,12451297,12451339,12451399,12451409,12451421,12451447,12451477,12451489,12451493,12451529,12451561,12451589,12451591,12451597,12451601,12451619,12451627,12451657,12451679,12451693,12451709,12451711,12451727,12451787,12451799,12451807,12451841,12451843,12451847,12451849,12451853,12451867,12451877,12451903,12451919,12451921,12451931,12451949,12451963,12451997,12452023,12452029,12452053,12452081,12452093,12452101,12452123,12452137,12452147,12452149,12452159,12452171,12452183,12452213,12452221,12452249,12452263,12452273,12452291,12452303,12452309,12452311,12452317,12452329,12452351,12452369,12452383,12452389,12452393,12452399,12452431,12452441,12452443,12452471,12452491,12452501,12452527,12452537,12452621,12452623,12452641,12452663,12452681,12452719,12452743,12452747,12452749,12452753,12452773,12452777,12452779,12452833,12452837,12452873,12452887,12452893,12452897,12452899,12452927,12452963,12452983,12452987,12453011,12453013,12453017,12453031,12453043,12453047,12453079,12453107,12453109,12453131,12453157,12453179,12453191,12453241,12453257,12453269,12453293,12453319,12453347,12453361,12453377,12453439,12453443,12453473,12453479,12453509,12453523,12453533,12453541,12453547,12453563,12453583,12453587,12453589,12453611,12453629,12453631,12453647,12453653,12453659,12453671,12453677,12453713,12453737,12453739,12453743,12453757,12453761,12453769,12453811,12453817,12453823,12453827,12453829,12453851,12453863,12453869,12453899,12453907,12453923,12453929,12453967,12453977,12454003,12454009,12454031,12454049,12454061,12454073,12454093,12454111,12454147,12454153,12454159,12454171,12454213,12454223,12454229,12454243,12454249,12454279,12454289,12454297,12454307,12454313,12454333,12454349,12454357,12454373,12454381,12454397,12454433,12454439,12454469,12454471,12454499,12454501,12454513,12454517,12454531,12454573,12454579,12454597,12454619,12454627,12454679,12454691,12454699,12454711,12454733,12454759,12454853,12454867,12454913,12454943,12454951,12454961,12454979,12454987,12454997,12455039,12455057,12455083,12455111,12455117,12455129,12455161,12455189,12455221,12455227,12455231,12455243,12455257,12455291,12455293,12455299,12455323,12455327,12455341,12455363,12455381,12455389,12455411,12455419,12455449,12455453,12455467,12455473,12455491,12455497,12455503,12455533,12455563,12455579,12455591,12455617,12455633,12455647,12455657,12455671,12455701,12455711,12455731,12455741,12455749,12455753,12455777,12455783,12455797,12455801,12455803,12455809,12455813,12455837,12455843,12455897,12455899,12455921,12455957,12455959,12455969,12455981,12455983,12456011,12456023,12456043,12456049,12456071,12456097,12456107,12456131,12456151,12456163,12456187,12456211,12456217,12456221,12456253,12456281,12456289,12456299,12456307,12456319,12456337,12456349,12456361,12456371,12456373,12456401,12456403,12456407,12456463,12456473,12456487,12456491,12456517,12456527,12456539,12456581,12456649,12456667,12456671,12456673,12456677,12456683,12456709,12456721,12456751,12456791,12456797,12456817,12456877,12456883,12456887,12456911,12456929,12456943,12456991,12457001,12457013,12457019,12457043,12457051,12457061,12457091,12457097,12457111,12457127,12457157,12457171,12457187,12457189,12457213,12457219,12457301,12457307,12457309,12457321,12457373,12457391,12457409,12457411,12457427,12457429,12457451,12457453,12457457,12457499,12457519,12457537,12457579,12457591,12457609,12457619,12457633,12457639,12457657,12457661,12457663,12457667,12457681,12457693,12457717,12457721,12457729,12457759,12457769,12457777,12457799,12457813,12457817,12457859,12457871,12457897,12457919,12457931,12457933,12457967,12457979,12457981,12457993,12458009,12458029,12458041,12458057,12458071,12458087,12458099,12458101,12458119,12458177,12458179,12458183,12458191,12458207,12458227,12458239,12458267,12458273,12458279,12458291,12458293,12458317,12458321,12458323,12458333,12458359,12458393,12458437,12458443,12458447,12458461,12458473,12458483,12458513,12458521,12458527,12458539,12458543,12458561,12458581,12458597,12458609,12458639,12458647,12458651,12458659,12458681,12458687,12458731,12458741,12458749,12458753,12458779,12458783,12458791,12458821,12458833,12458839,12458857,12458861,12458879,12458891,12458903,12458911,12458923,12458959,12458969,12459001,12459023,12459037,12459043,12459053,12459059,12459061,12459091,12459101,12459127,12459133,12459143,12459163,12459173,12459197,12459211,12459221,12459229,12459329,12459341,12459347,12459407,12459431,12459437,12459439,12459457,12459467,12459479,12459481,12459511,12459527,12459547,12459563,12459569,12459571,12459581,12459599,12459607,12459673,12459683,12459697,12459701,12459709,12459731,12459743,12459749,12459751,12459757,12459817,12459847,12459857,12459869,12459871,12459907,12459913,12459917,12459919,12459943,12459947,12459949,12459961,12459971,12459973,12460001,12460039,12460051,12460061,12460069,12460073,12460079,12460081,12460087,12460093,12460103,12460121,12460127,12460159,12460163,12460211,12460213,12460229,12460237,12460241,12460243,12460271,12460277,12460289,12460307,12460313,12460339,12460363,12460367,12460373,12460391,12460403,12460417,12460421,12460463,12460489,12460493,12460501,12460519,12460537,12460559,12460579,12460603,12460621,12460661,12460681,12460703,12460739,12460753,12460759,12460769,12460787,12460793,12460867,12460901,12460909,12460919,12460937,12460939,12460951,12460957,12460967,12460991,12460999,12461011,12461021,12461023,12461041,12461047,12461081,12461107,12461123,12461161,12461167,12461191,12461209,12461219,12461227,12461231,12461243,12461257,12461261,12461269,12461311,12461347,12461369,12461389,12461401,12461419,12461429,12461453,12461461,12461467,12461483,12461497,12461509,12461543,12461551,12461591,12461593,12461599,12461609,12461623,12461633,12461639,12461641,12461651,12461689,12461693,12461717,12461719,12461723,12461737,12461741,12461747,12461749,12461759,12461773,12461789,12461797,12461807,12461809,12461831,12461887,12461927,12461947,12461957,12461971,12461987,12461993,12462001,12462011,12462017,12462019,12462029,12462053,12462059,12462089,12462091,12462103,12462127,12462137,12462179,12462193,12462209,12462223,12462253,12462259,12462277,12462283,12462287,12462299,12462311,12462337,12462353,12462391,12462407,12462413,12462419,12462421,12462433,12462449,12462497,12462521,12462523,12462539,12462551,12462553,12462557,12462563,12462577,12462607,12462617,12462641,12462643,12462707,12462719,12462739,12462763,12462767,12462787,12462809,12462823,12462839,12462869,12462889,12462907,12462911,12462913,12462949,12462973,12462977,12462979,12462997,12463001,12463007,12463013,12463051,12463063,12463067,12463111,12463123,12463141,12463151,12463177,12463181,12463189,12463201,12463207,12463211,12463229,12463267,12463291,12463313,12463331,12463349,12463357,12463369,12463379,12463453,12463463,12463483,12463513,12463537,12463543,12463547,12463571,12463579,12463597,12463609,12463621,12463637,12463657,12463673,12463697,12463699,12463727,12463739,12463741,12463757,12463793,12463799,12463813,12463817,12463831,12463853,12463859,12463879,12463897,12463901,12463903,12463921,12463933,12463961,12464003,12464021,12464029,12464033,12464047,12464119,12464141,12464149,12464167,12464189,12464197,12464233,12464251,12464261,12464273,12464293,12464303,12464311,12464327,12464329,12464363,12464371,12464377,12464401,12464411,12464429,12464443,12464471,12464483,12464497,12464503,12464509,12464549,12464561,12464563,12464579,12464581,12464611,12464623,12464651,12464657,12464663,12464707,12464719,12464731,12464737,12464743,12464789,12464807,12464813,12464833,12464849,12464863,12464869,12464887,12464891,12464897,12464909,12464971,12464981,12464987,12464999,12465001,12465049,12465053,12465067,12465071,12465077,12465109,12465119,12465127,12465133,12465139,12465151,12465209,12465217,12465221,12465239,12465253,12465259,12465307,12465347,12465367,12465419,12465421,12465443,12465449,12465457,12465487,12465529,12465581,12465613,12465617,12465619,12465623,12465671,12465703,12465727,12465757,12465769,12465773,12465779,12465797,12465809,12465823,12465833,12465847,12465863,12465907,12465983,12465989,12466007,12466031,12466037,12466043,12466067,12466079,12466081,12466099,12466133,12466163,12466177,12466211,12466241,12466243,12466297,12466301,12466313,12466367,12466381,12466397,12466411,12466427,12466459,12466469,12466471,12466511,12466541,12466547,12466561,12466567,12466577,12466579,12466591,12466633,12466637,12466651,12466673,12466687,12466691,12466693,12466697,12466739,12466787,12466807,12466841,12466847,12466859,12466873,12466879,12466889,12466913,12466931,12466969,12466973,12467003,12467011,12467023,12467027,12467029,12467047,12467083,12467087,12467089,12467101,12467107,12467123,12467141,12467149,12467153,12467167,12467179,12467197,12467207,12467233,12467263,12467269,12467297,12467317,12467333,12467393,12467407,12467437,12467459,12467479,12467489,12467501,12467509,12467519,12467551,12467563,12467569,12467573,12467599,12467639,12467641,12467657,12467659,12467677,12467683,12467759,12467789,12467801,12467803,12467809,12467827,12467837,12467843,12467849,12467867,12467911,12467951,12467969,12467981,12468007,12468031,12468037,12468067,12468083,12468101,12468103,12468119,12468133,12468143,12468163,12468167,12468227,12468229,12468257,12468263,12468299,12468311,12468317,12468319,12468341,12468353,12468367,12468373,12468377,12468383,12468397,12468403,12468431,12468451,12468457,12468557,12468563,12468569,12468571,12468587,12468607,12468613,12468641,12468653,12468683,12468689,12468719,12468739,12468763,12468773,12468779,12468787,12468791,12468823,12468847,12468877,12468881,12468887,12468899,12468931,12468941,12468943,12468979,12469003,12469069,12469081,12469087,12469103,12469129,12469133,12469139,12469153,12469181,12469189,12469199,12469213,12469229,12469231,12469267,12469277,12469307,12469309,12469357,12469361,12469393,12469397,12469403,12469417,12469423,12469433,12469493,12469543,12469549,12469573,12469577,12469579,12469609,12469621,12469627,12469637,12469649,12469651,12469697,12469727,12469729,12469733,12469741,12469747,12469771,12469799,12469811,12469813,12469861,12469867,12469883,12469907,12469921,12469939,12469949,12469969,12469987,12469997,12470009,12470041,12470083,12470093,12470111,12470113,12470131,12470141,12470219,12470243,12470267,12470279,12470281,12470287,12470321,12470323,12470329,12470351,12470389,12470399,12470407,12470449,12470459,12470461,12470467,12470527,12470539,12470543,12470569,12470597,12470603,12470617,12470621,12470629,12470677,12470681,12470687,12470693,12470713,12470723,12470729,12470737,12470749,12470753,12470791,12470797,12470803,12470831,12470851,12470867,12470881,12470891,12470917,12470971,12470977,12470987,12471001,12471031,12471071,12471077,12471089,12471091,12471103,12471113,12471127,12471133,12471139,12471167,12471169,12471187,12471191,12471203,12471209,12471223,12471227,12471229,12471233,12471281,12471287,12471289,12471299,12471307,12471311,12471317,12471323,12471337,12471341,12471367,12471373,12471401,12471413,12471427,12471457,12471461,12471463,12471499,12471533,12471559,12471587,12471601,12471611,12471617,12471631,12471643,12471649,12471689,12471707,12471751,12471799,12471803,12471841,12471869,12471871,12471881,12471883,12471887,12471917,12471919,12471929,12471941,12471959,12471971,12471973,12472039,12472051,12472081,12472091,12472099,12472127,12472129,12472133,12472153,12472171,12472177,12472181,12472211,12472247,12472259,12472277,12472297,12472301,12472319,12472333,12472337,12472363,12472381,12472387,12472391,12472393,12472403,12472433,12472469,12472483,12472513,12472517,12472547,12472567,12472573,12472583,12472619,12472627,12472631,12472637,12472643,12472657,12472667,12472673,12472699,12472703,12472753,12472799,12472807,12472829,12472847,12472879,12472909,12472919,12472927,12472931,12472961,12472963,12472973,12472997,12473003,12473017,12473023,12473047,12473077,12473081,12473093,12473099,12473113,12473117,12473119,12473137,12473141,12473147,12473159,12473173,12473183,12473203,12473207,12473213,12473221,12473233,12473239,12473281,12473297,12473299,12473347,12473371,12473411,12473441,12473479,12473491,12473507,12473533,12473537,12473543,12473561,12473599,12473611,12473621,12473623,12473647,12473651,12473663,12473677,12473693,12473701,12473711,12473719,12473737,12473743,12473759,12473761,12473771,12473779,12473789,12473849,12473891,12473893,12473911,12473933,12473939,12473969,12473983,12474017,12474023,12474029,12474041,12474043,12474047,12474053,12474071,12474083,12474101,12474113,12474139,12474149,12474157,12474181,12474197,12474221,12474229,12474251,12474299,12474347,12474359,12474361,12474367,12474377,12474383,12474389,12474419,12474421,12474461,12474467,12474499,12474503,12474509,12474541,12474559,12474569,12474571,12474589,12474607,12474613,12474641,12474643,12474677,12474703,12474731,12474739,12474743,12474757,12474767,12474779,12474793,12474823,12474827,12474851,12474853,12474871,12474877,12474899,12474907,12474911,12474929,12474937,12474949,12474967,12474977,12475009,12475027,12475097,12475103,12475109,12475139,12475147,12475181,12475187,12475207,12475213,12475231,12475247,12475271,12475277,12475283,12475291,12475303,12475319,12475321,12475363,12475367,12475387,12475391,12475409,12475417,12475427,12475471,12475483,12475513,12475649,12475657,12475663,12475681,12475709,12475711,12475747,12475751,12475769,12475777,12475789,12475811,12475817,12475831,12475861,12475871,12475873,12475877,12475889,12475901,12475927,12475933,12475937,12475949,12475961,12475973,12475987,12475997,12475999,12476017,12476021,12476059,12476083,12476089,12476111,12476161,12476201,12476203,12476221,12476239,12476251,12476257,12476267,12476279,12476297,12476323,12476339,12476371,12476377,12476381,12476411,12476413,12476441,12476447,12476449,12476459,12476473,12476491,12476507,12476531,12476533,12476543,12476551,12476561,12476567,12476591,12476647,12476683,12476689,12476713,12476729,12476731,12476743,12476753,12476767,12476771,12476773,12476777,12476791,12476797,12476843,12476851,12476857,12476869,12476887,12476897,12476909,12476927,12476951,12476953,12476957,12476969,12476987,12477007,12477011,12477037,12477041,12477067,12477077,12477107,12477139,12477151,12477169,12477173,12477191,12477197,12477203,12477217,12477229,12477239,12477259,12477271,12477277,12477287,12477299,12477301,12477323,12477329,12477331,12477341,12477349,12477373,12477391,12477397,12477403,12477449,12477467,12477529,12477539,12477551,12477559,12477581,12477589,12477637,12477649,12477659,12477667,12477679,12477683,12477709,12477713,12477719,12477721,12477749,12477791,12477793,12477811,12477821,12477833,12477853,12477863,12477893,12477919,12477923,12477931,12477961,12477973,12477979,12477989,12478001,12478009,12478031,12478043,12478049,12478057,12478061,12478111,12478133,12478157,12478163,12478183,12478189,12478199,12478201,12478217,12478223,12478229,12478237,12478243,12478261,12478273,12478283,12478327,12478331,12478339,12478363,12478387,12478393,12478409,12478451,12478457,12478483,12478507,12478511,12478513,12478519,12478541,12478567,12478579,12478589,12478591,12478597,12478607,12478679,12478681,12478699,12478717,12478721,12478723,12478727,12478757,12478783,12478793,12478813,12478819,12478849,12478859,12478891,12478909,12478933,12478943,12478979,12478981,12478993,12479011,12479021,12479023,12479039,12479053,12479069,12479099,12479123,12479167,12479177,12479183,12479189,12479209,12479213,12479227,12479231,12479237,12479261,12479263,12479273,12479297,12479321,12479399,12479431,12479437,12479473,12479477,12479507,12479527,12479531,12479543,12479549,12479567,12479587,12479603,12479611,12479617,12479633,12479647,12479651,12479653,12479671,12479699,12479707,12479711,12479723,12479759,12479783,12479791,12479809,12479839,12479849,12479851,12479879,12479881,12479893,12479897,12479911,12479927,12479939,12479969,12479981,12479993,12480029,12480037,12480043,12480049,12480089,12480103,12480107,12480133,12480161,12480199,12480217,12480229,12480253,12480269,12480313,12480317,12480319,12480337,12480343,12480367,12480371,12480437,12480463,12480487,12480497,12480509,12480529,12480551,12480571,12480577,12480617,12480619,12480647,12480649,12480673,12480679,12480733,12480749,12480751,12480757,12480761,12480773,12480779,12480781,12480823,12480841,12480857,12480859,12480863,12480887,12480889,12480901,12480913,12480931,12480943,12480947,12480983,12480989,12480997,12481039,12481057,12481061,12481067,12481103,12481123,12481153,12481163,12481169,12481181,12481193,12481199,12481201,12481211,12481219,12481237,12481253,12481279,12481307,12481319,12481333,12481351,12481361,12481369,12481373,12481379,12481409,12481421,12481429,12481439,12481463,12481493,12481517,12481523,12481529,12481531,12481541,12481559,12481619,12481633,12481661,12481673,12481771,12481787,12481793,12481823,12481829,12481831,12481873,12481891,12481901,12481907,12481951,12481957,12481991,12482009,12482011,12482023,12482027,12482039,12482047,12482059,12482111,12482137,12482149,12482179,12482201,12482203,12482219,12482227,12482231,12482263,12482269,12482279,12482291,12482293,12482311,12482321,12482329,12482333,12482363,12482381,12482387,12482389,12482417,12482419,12482447,12482473,12482501,12482521,12482551,12482593,12482609,12482611,12482623,12482627,12482633,12482647,12482663,12482669,12482671,12482681,12482699,12482741,12482761,12482779,12482797,12482803,12482831,12482839,12482843,12482849,12482861,12482881,12482887,12482891,12482903,12482909,12482917,12482933,12482959,12482969,12482989,12482993,12482999,12483001,12483013,12483017,12483061,12483091,12483103,12483109,12483127,12483131,12483167,12483169,12483179,12483193,12483197,12483217,12483241,12483257,12483259,12483293,12483301,12483307,12483313,12483329,12483337,12483403,12483409,12483431,12483439,12483463,12483509,12483517,12483521,12483539,12483553,12483563,12483599,12483617,12483619,12483629,12483637,12483643,12483649,12483671,12483677,12483683,12483697,12483707,12483727,12483739,12483743,12483787,12483791,12483799,12483829,12483839,12483841,12483857,12483923,12483929,12483943,12483953,12483959,12483983,12484027,12484033,12484037,12484039,12484051,12484063,12484067,12484091,12484099,12484111,12484117,12484139,12484151,12484189,12484201,12484211,12484217,12484229,12484249,12484253,12484259,12484261,12484267,12484271,12484337,12484363,12484397,12484403,12484421,12484441,12484447,12484457,12484487,12484499,12484513,12484517,12484519,12484531,12484543,12484547,12484583,12484597,12484601,12484603,12484609,12484621,12484649,12484669,12484727,12484739,12484741,12484789,12484793,12484807,12484861,12484889,12484907,12484933,12484949,12484961,12485003,12485017,12485047,12485059,12485063,12485141,12485233,12485267,12485273,12485287,12485303,12485321,12485323,12485329,12485353,12485359,12485371,12485381,12485387,12485401,12485453,12485461,12485471,12485477,12485491,12485507,12485533,12485537,12485587,12485593,12485617,12485647,12485657,12485659,12485699,12485731,12485779,12485791,12485797,12485801,12485813,12485827,12485833,12485843,12485873,12485881,12485887,12485897,12485903,12485917,12485927,12485933,12485947,12485971,12485981,12485999,12486011,12486049,12486083,12486091,12486107,12486113,12486119,12486121,12486127,12486137,12486157,12486167,12486191,12486209,12486239,12486251,12486281,12486283,12486293,12486301,12486319,12486337,12486343,12486359,12486371,12486377,12486389,12486391,12486403,12486407,12486457,12486473,12486479,12486499,12486533,12486541,12486547,12486571,12486601,12486623,12486659,12486671,12486679,12486709,12486737,12486751,12486763,12486779,12486811,12486827,12486829,12486833,12486847,12486863,12486889,12486911,12486917,12486923,12486997,12487003,12487031,12487039,12487073,12487099,12487103,12487109,12487133,12487147,12487177,12487187,12487193,12487201,12487207,12487213,12487217,12487253,12487271,12487273,12487301,12487357,12487361,12487369,12487381,12487403,12487417,12487421,12487483,12487507,12487523,12487543,12487547,12487561,12487589,12487619,12487627,12487691,12487697,12487711,12487721,12487723,12487729,12487751,12487757,12487789,12487793,12487799,12487801,12487819,12487829,12487831,12487841,12487861,12487889,12487901,12487927,12487933,12487949,12487957,12487963,12487973,12488023,12488033,12488039,12488051,12488059,12488087,12488107,12488131,12488159,12488171,12488173,12488191,12488207,12488219,12488221,12488227,12488249,12488279,12488297,12488303,12488309,12488317,12488321,12488327,12488369,12488389,12488407,12488423,12488431,12488461,12488479,12488501,12488513,12488519,12488521,12488537,12488561,12488579,12488587,12488611,12488617,12488633,12488657,12488689,12488711,12488731,12488737,12488741,12488743,12488759,12488779,12488797,12488803,12488831,12488843,12488851,12488857,12488881,12488911,12488921,12488923,12488929,12488941,12489047,12489077,12489083,12489089,12489097,12489109,12489119,12489143,12489151,12489157,12489163,12489167,12489229,12489241,12489287,12489293,12489317,12489319,12489359,12489371,12489427,12489443,12489467,12489473,12489481,12489487,12489511,12489523,12489527,12489541,12489569,12489583,12489601,12489613,12489619,12489629,12489641,12489647,12489649,12489661,12489703,12489709,12489721,12489727,12489739,12489751,12489773,12489779,12489793,12489797,12489803,12489809,12489857,12489863,12489877,12489899,12489907,12489913,12489929,12489941,12489959,12489991,12490001,12490031,12490043,12490057,12490061,12490091,12490099,12490103,12490147,12490157,12490183,12490187,12490237,12490243,12490259,12490273,12490301,12490333,12490343,12490369,12490397,12490409,12490417,12490433,12490447,12490459,12490463,12490483,12490487,12490493,12490507,12490523,12490537,12490547,12490559,12490589,12490591,12490601,12490603,12490607,12490627,12490663,12490711,12490727,12490729,12490741,12490747,12490757,12490759,12490781,12490783,12490813,12490823,12490837,12490873,12490879,12490921,12490931,12490939,12490943,12490963,12490969,12490979,12490993,12490997,12491009,12491023,12491029,12491033,12491069,12491071,12491131,12491137,12491159,12491161,12491177,12491191,12491197,12491201,12491273,12491299,12491321,12491329,12491333,12491351,12491389,12491393,12491399,12491443,12491449,12491477,12491483,12491497,12491537,12491581,12491587,12491597,12491603,12491627,12491693,12491701,12491723,12491741,12491761,12491771,12491789,12491807,12491819,12491849,12491851,12491867,12491879,12491881,12491909,12491917,12491933,12491939,12491971,12492001,12492023,12492031,12492043,12492061,12492089,12492107,12492113,12492119,12492131,12492169,12492173,12492187,12492209,12492211,12492223,12492241,12492257,12492281,12492283,12492299,12492323,12492341,12492343,12492371,12492377,12492383,12492391,12492397,12492409,12492419,12492451,12492457,12492461,12492479,12492497,12492499,12492509,12492511,12492523,12492539,12492547,12492551,12492581,12492583,12492593,12492631,12492679,12492691,12492713,12492743,12492787,12492793,12492803,12492811,12492839,12492853,12492859,12492869,12492871,12492959,12492967,12492989,12493003,12493049,12493067,12493097,12493109,12493111,12493123,12493133,12493141,12493183,12493189,12493207,12493219,12493223,12493259,12493267,12493291,12493303,12493307,12493321,12493333,12493357,12493361,12493367,12493379,12493381,12493391,12493421,12493433,12493447,12493451,12493477,12493483,12493499,12493517,12493529,12493571,12493573,12493597,12493609,12493627,12493639,12493667,12493673,12493687,12493699,12493703,12493709,12493711,12493717,12493721,12493727,12493739,12493763,12493769,12493777,12493783,12493829,12493841,12493847,12493919,12493927,12493931,12493933,12493939,12493967,12493969,12493973,12493993,12494029,12494033,12494047,12494107,12494137,12494149,12494171,12494173,12494213,12494219,12494231,12494281,12494311,12494329,12494353,12494357,12494369,12494393,12494401,12494411,12494413,12494437,12494441,12494453,12494479,12494513,12494539,12494597,12494617,12494623,12494633,12494653,12494663,12494683,12494687,12494701,12494717,12494743,12494747,12494771,12494777,12494821,12494831,12494851,12494857,12494879,12494893,12494921,12494941,12494947,12494987,12495001,12495019,12495053,12495059,12495073,12495089,12495097,12495151,12495163,12495167,12495211,12495253,12495269,12495277,12495281,12495311,12495313,12495349,12495421,12495487,12495523,12495563,12495569,12495583,12495599,12495661,12495709,12495719,12495737,12495761,12495767,12495773,12495779,12495797,12495827,12495829,12495841,12495851,12495853,12495893,12495913,12495941,12495943,12495949,12495953,12495971,12495991,12496027,12496049,12496051,12496073,12496079,12496093,12496097,12496117,12496147,12496151,12496217,12496229,12496247,12496249,12496261,12496271,12496279,12496283,12496321,12496333,12496339,12496387,12496439,12496447,12496469,12496493,12496507,12496529,12496591,12496621,12496633,12496657,12496667,12496691,12496723,12496733,12496739,12496747,12496753,12496763,12496793,12496823,12496837,12496867,12496871,12496873,12496903,12496909,12496949,12496951,12496963,12496969,12496973,12496993,12497011,12497021,12497053,12497059,12497081,12497101,12497129,12497141,12497161,12497167,12497171,12497179,12497183,12497197,12497201,12497209,12497263,12497273,12497281,12497293,12497297,12497311,12497323,12497327,12497339,12497369,12497377,12497389,12497413,12497417,12497447,12497449,12497467,12497489,12497503,12497561,12497581,12497587,12497593,12497603,12497621,12497623,12497627,12497651,12497657,12497659,12497677,12497713,12497729,12497731,12497761,12497773,12497783,12497789,12497791,12497827,12497843,12497861,12497893,12497909,12497951,12497987,12498001,12498007,12498011,12498047,12498091,12498137,12498151,12498169,12498173,12498191,12498203,12498221,12498253,12498259,12498263,12498289,12498293,12498313,12498323,12498331,12498379,12498401,12498413,12498427,12498433,12498443,12498461,12498469,12498527,12498533,12498559,12498571,12498581,12498589,12498601,12498641,12498653,12498659,12498667,12498679,12498691,12498697,12498701,12498719,12498749,12498763,12498793,12498799,12498803,12498823,12498869,12498877,12498883,12498907,12498923,12498929,12498931,12498949,12498953,12498977,12498989,12499001,12499021,12499027,12499031,12499037,12499057,12499079,12499099,12499117,12499121,12499127,12499181,12499183,12499187,12499211,12499217,12499237,12499247,12499271,12499273,12499307,12499339,12499343,12499379,12499381,12499439,12499441,12499447,12499481,12499519,12499523,12499537,12499561,12499577,12499579,12499589,12499631,12499639,12499651,12499657,12499661,12499687,12499691,12499699,12499733,12499757,12499801,12499813,12499867,12499871,12499873,12499897,12499901,12499909,12499919,12499987,12499999,12500003,12500029,12500069,12500071,12500077,12500087,12500093,12500101,12500177,12500197,12500221,12500227,12500231,12500251,12500263,12500329,12500351,12500357,12500359,12500419,12500437,12500441,12500443,12500459,12500513,12500519,12500539,12500549,12500581,12500597,12500599,12500603,12500617,12500629,12500639,12500647,12500693,12500749,12500767,12500773,12500779,12500809,12500819,12500821,12500849,12500867,12500869,12500893,12500921,12500953,12500963,12500977,12500989,12501019,12501043,12501053,12501067,12501169,12501191,12501193,12501257,12501283,12501311,12501317,12501331,12501337,12501353,12501361,12501371,12501413,12501427,12501473,12501479,12501491,12501497,12501509,12501527,12501583,12501589,12501607,12501617,12501623,12501631,12501641,12501659,12501683,12501707,12501721,12501733,12501737,12501739,12501779,12501793,12501803,12501809,12501821,12501823,12501833,12501847,12501869,12501877,12501883,12501887,12501899,12501901,12501911,12501913,12501917,12501941,12501989,12501991,12501997,12502001,12502013,12502027,12502031,12502033,12502051,12502069,12502079,12502093,12502099,12502109,12502129,12502151,12502153,12502169,12502181,12502183,12502187,12502229,12502249,12502289,12502291,12502297,12502309,12502339,12502349,12502351,12502367,12502403,12502439,12502447,12502481,12502489,12502493,12502507,12502543,12502549,12502583,12502591,12502597,12502643,12502661,12502681,12502687,12502709,12502717,12502727,12502747,12502759,12502811,12502813,12502829,12502873,12502921,12502943,12502957,12502993,12503011,12503017,12503021,12503027,12503047,12503059,12503131,12503149,12503167,12503201,12503209,12503213,12503219,12503233,12503243,12503297,12503317,12503327,12503341,12503357,12503371,12503417,12503419,12503423,12503429,12503441,12503461,12503489,12503549,12503573,12503609,12503641,12503663,12503671,12503683,12503713,12503723,12503731,12503749,12503753,12503759,12503779,12503783,12503797,12503831,12503837,12503849,12503851,12503861,12503863,12503879,12503903,12503917,12503923,12503941,12503971,12503983,12503989,12503999,12504001,12504029,12504031,12504043,12504049,12504053,12504091,12504119,12504161,12504169,12504227,12504251,12504257,12504259,12504263,12504269,12504281,12504287,12504311,12504353,12504379,12504391,12504431,12504473,12504497,12504517,12504523,12504533,12504551,12504553,12504559,12504581,12504599,12504601,12504629,12504647,12504649,12504659,12504671,12504677,12504689,12504691,12504721,12504757,12504797,12504799,12504803,12504841,12504851,12504881,12504889,12504917,12504923,12504929,12504931,12504941,12504953,12504977,12505037,12505039,12505057,12505063,12505069,12505079,12505091,12505093,12505111,12505117,12505133,12505151,12505189,12505219,12505231,12505237,12505247,12505267,12505271,12505291,12505313,12505327,12505331,12505357,12505373,12505393,12505417,12505457,12505481,12505499,12505501,12505543,12505579,12505601,12505607,12505613,12505627,12505631,12505637,12505639,12505643,12505681,12505687,12505709,12505711,12505723,12505747,12505763,12505769,12505783,12505799,12505811,12505841,12505853,12505879,12505891,12505903,12505939,12505949,12505957,12505979,12505981,12506003,12506023,12506027,12506029,12506041,12506057,12506059,12506069,12506083,12506147,12506167,12506233,12506239,12506257,12506269,12506303,12506311,12506323,12506341,12506381,12506383,12506387,12506393,12506399,12506401,12506447,12506449,12506477,12506479,12506491,12506497,12506519,12506537,12506561,12506563,12506567,12506573,12506587,12506651,12506677,12506699,12506707,12506717,12506737,12506759,12506771,12506783,12506821,12506869,12506881,12506929,12506933,12506941,12506947,12506969,12506983,12507031,12507037,12507041,12507059,12507107,12507137,12507139,12507151,12507181,12507191,12507197,12507203,12507241,12507247,12507251,12507269,12507317,12507329,12507343,12507347,12507371,12507373,12507389,12507403,12507409,12507413,12507421,12507433,12507449,12507457,12507503,12507527,12507541,12507559,12507571,12507577,12507589,12507611,12507617,12507619,12507667,12507679,12507683,12507697,12507701,12507707,12507709,12507713,12507721,12507763,12507769,12507773,12507821,12507827,12507839,12507863,12507881,12507889,12507907,12507923,12507931,12507953,12507959,12507977,12507997,12508003,12508009,12508031,12508049,12508057,12508079,12508081,12508087,12508091,12508117,12508123,12508147,12508151,12508169,12508187,12508189,12508201,12508207,12508219,12508229,12508241,12508259,12508261,12508267,12508337,12508339,12508351,12508361,12508373,12508409,12508417,12508421,12508453,12508487,12508493,12508501,12508519,12508537,12508579,12508589,12508603,12508607,12508609,12508633,12508663,12508673,12508679,12508687,12508697,12508703,12508723,12508733,12508747,12508751,12508759,12508763,12508789,12508817,12508819,12508823,12508879,12508907,12508919,12508921,12508927,12508931,12508943,12508963,12508981,12508999,12509009,12509083,12509099,12509117,12509129,12509131,12509143,12509149,12509177,12509183,12509197,12509221,12509243,12509249,12509251,12509267,12509269,12509279,12509281,12509291,12509317,12509327,12509347,12509351,12509363,12509377,12509381,12509389,12509423,12509437,12509479,12509507,12509509,12509513,12509531,12509533,12509579,12509591,12509599,12509611,12509641,12509683,12509687,12509699,12509713,12509719,12509741,12509747,12509753,12509779,12509813,12509831,12509837,12509857,12509869,12509911,12509921,12509951,12509963,12509971,12509983,12510023,12510059,12510097,12510101,12510109,12510133,12510161,12510167,12510191,12510193,12510209,12510217,12510233,12510241,12510247,12510259,12510287,12510299,12510331,12510349,12510359,12510373,12510409,12510427,12510461,12510467,12510473,12510517,12510529,12510541,12510559,12510583,12510587,12510611,12510613,12510649,12510671,12510713,12510727,12510737,12510779,12510811,12510821,12510833,12510853,12510871,12510889,12510899,12510937,12510941,12510947,12510961,12510983,12510989,12511003,12511007,12511019,12511043,12511049,12511087,12511097,12511117,12511141,12511159,12511183,12511199,12511207,12511211,12511229,12511231,12511271,12511277,12511349,12511357,12511361,12511399,12511453,12511463,12511489,12511493,12511501,12511537,12511553,12511561,12511567,12511579,12511607,12511613,12511619,12511621,12511627,12511651,12511663,12511687,12511703,12511721,12511757,12511769,12511777,12511787,12511843,12511853,12511859,12511871,12511901,12511903,12511907,12511909,12511951,12511969,12511991,12512029,12512033,12512039,12512047,12512057,12512063,12512077,12512083,12512107,12512111,12512113,12512147,12512173,12512191,12512231,12512233,12512237,12512239,12512263,12512267,12512281,12512287,12512303,12512329,12512351,12512359,12512371,12512389,12512407,12512413,12512417,12512443,12512447,12512501,12512509,12512519,12512531,12512557,12512569,12512579,12512593,12512627,12512639,12512651,12512653,12512681,12512693,12512723,12512737,12512761,12512767,12512783,12512807,12512813,12512821,12512837,12512839,12512881,12512911,12512939,12512947,12512953,12512959,12512971,12512999,12513019,12513023,12513029,12513049,12513101,12513157,12513187,12513203,12513209,12513227,12513269,12513271,12513283,12513287,12513299,12513307,12513317,12513331,12513341,12513349,12513373,12513379,12513401,12513407,12513409,12513433,12513451,12513461,12513463,12513469,12513481,12513499,12513503,12513517,12513563,12513577,12513583,12513593,12513607,12513617,12513619,12513623,12513629,12513643,12513653,12513689,12513701,12513713,12513727,12513749,12513763,12513769,12513793,12513847,12513857,12513859,12513869,12513889,12513901,12513923,12513929,12513931,12513953,12513961,12513973,12513983,12514003,12514009,12514013,12514039,12514043,12514081,12514123,12514127,12514147,12514157,12514189,12514207,12514213,12514219,12514223,12514237,12514259,12514289,12514303,12514321,12514343,12514357,12514367,12514387,12514391,12514409,12514417,12514423,12514429,12514441,12514451,12514459,12514487,12514493,12514517,12514571,12514589,12514633,12514639,12514661,12514681,12514693,12514721,12514727,12514741,12514751,12514781,12514807,12514841,12514847,12514871,12514891,12514919,12514933,12514949,12514969,12514973,12514981,12514987,12515003,12515023,12515029,12515033,12515039,12515071,12515081,12515093,12515117,12515123,12515159,12515161,12515171,12515177,12515183,12515189,12515201,12515203,12515311,12515317,12515323,12515329,12515359,12515369,12515387,12515401,12515407,12515423,12515449,12515453,12515467,12515479,12515483,12515491,12515497,12515507,12515513,12515521,12515527,12515539,12515543,12515549,12515551,12515563,12515567,12515597,12515603,12515639,12515647,12515651,12515663,12515669,12515681,12515687,12515743,12515747,12515753,12515759,12515761,12515773,12515779,12515807,12515827,12515837,12515863,12515869,12515873,12515903,12515911,12515917,12515929,12515941,12515957,12515963,12515999,12516011,12516013,12516017,12516037,12516043,12516047,12516059,12516073,12516121,12516137,12516169,12516211,12516227,12516247,12516253,12516263,12516271,12516277,12516289,12516299,12516341,12516373,12516379,12516389,12516401,12516419,12516431,12516461,12516463,12516473,12516479,12516481,12516563,12516571,12516587,12516593,12516599,12516613,12516631,12516643,12516659,12516683,12516689,12516701,12516703,12516737,12516769,12516793,12516809,12516821,12516857,12516859,12516863,12516883,12516887,12516929,12516937,12516941,12516943,12516949,12516961,12516971,12516979,12516983,12517019,12517033,12517039,12517051,12517061,12517073,12517081,12517093,12517097,12517103,12517133,12517157,12517159,12517163,12517187,12517199,12517217,12517231,12517243,12517249,12517277,12517289,12517301,12517319,12517339,12517387,12517391,12517399,12517403,12517481,12517489,12517493,12517511,12517517,12517541,12517579,12517607,12517613,12517667,12517679,12517691,12517709,12517711,12517721,12517723,12517759,12517793,12517829,12517847,12517849,12517873,12517889,12517909,12517913,12517919,12517927,12517931,12517943,12517961,12517963,12517969,12517987,12518021,12518029,12518047,12518057,12518059,12518063,12518071,12518083,12518087,12518119,12518159,12518167,12518179,12518189,12518197,12518221,12518257,12518267,12518287,12518329,12518333,12518339,12518351,12518357,12518377,12518381,12518383,12518399,12518411,12518423,12518447,12518449,12518483,12518521,12518531,12518557,12518573,12518593,12518599,12518609,12518621,12518657,12518659,12518669,12518677,12518711,12518717,12518731,12518747,12518767,12518773,12518789,12518801,12518837,12518867,12518879,12518881,12518887,12518897,12518903,12518921,12518939,12518959,12519019,12519029,12519037,12519041,12519047,12519049,12519079,12519083,12519113,12519131,12519137,12519163,12519173,12519181,12519203,12519223,12519229,12519239,12519251,12519307,12519317,12519349,12519379,12519389,12519401,12519421,12519449,12519487,12519509,12519511,12519517,12519527,12519557,12519571,12519581,12519583,12519587,12519593,12519673,12519697,12519721,12519733,12519739,12519743,12519763,12519779,12519791,12519799,12519811,12519817,12519833,12519847,12519893,12519901,12519911,12519919,12519937,12519961,12519971,12519979,12519989,12520003,12520021,12520033,12520037,12520043,12520049,12520051,12520091,12520093,12520099,12520111,12520127,12520159,12520163,12520169,12520201,12520217,12520219,12520237,12520247,12520271,12520289,12520307,12520309,12520337,12520351,12520367,12520379,12520399,12520421,12520447,12520451,12520463,12520477,12520481,12520499,12520507,12520511,12520531,12520537,12520553,12520597,12520603,12520643,12520657,12520691,12520699,12520709,12520723,12520747,12520751,12520757,12520777,12520793,12520811,12520817,12520831,12520853,12520873,12520883,12520889,12520903,12520927,12520957,12520967,12520973,12520979,12520987,12520997,12520999,12521009,12521017,12521021,12521053,12521081,12521083,12521087,12521099,12521101,12521107,12521137,12521141,12521149,12521189,12521203,12521219,12521233,12521239,12521291,12521293,12521309,12521329,12521339,12521351,12521357,12521363,12521371,12521381,12521447,12521473,12521479,12521501,12521507,12521519,12521543,12521569,12521573,12521581,12521603,12521623,12521669,12521689,12521699,12521701,12521711,12521731,12521749,12521753,12521767,12521797,12521801,12521837,12521857,12521863,12521891,12521903,12521921,12521953,12521981,12521989,12522011,12522017,12522023,12522031,12522043,12522067,12522071,12522079,12522089,12522091,12522131,12522137,12522157,12522173,12522193,12522221,12522227,12522239,12522241,12522253,12522269,12522271,12522277,12522329,12522361,12522379,12522383,12522397,12522401,12522413,12522427,12522439,12522443,12522457,12522479,12522487,12522529,12522541,12522553,12522563,12522593,12522599,12522607,12522617,12522619,12522647,12522677,12522701,12522703,12522707,12522721,12522737,12522739,12522743,12522779,12522781,12522799,12522803,12522841,12522857,12522869,12522877,12522907,12522911,12522929,12522941,12522943,12522947,12522953,12522967,12522973,12523073,12523097,12523111,12523129,12523139,12523151,12523153,12523177,12523183,12523219,12523229,12523241,12523243,12523253,12523283,12523321,12523333,12523391,12523393,12523417,12523421,12523429,12523463,12523471,12523481,12523493,12523499,12523507,12523513,12523519,12523541,12523547,12523549,12523559,12523561,12523579,12523583,12523607,12523613,12523627,12523639,12523663,12523669,12523681,12523691,12523729,12523739,12523757,12523759,12523801,12523811,12523829,12523837,12523843,12523859,12523877,12523909,12523913,12523919,12523921,12523939,12523943,12523981,12523999,12524003,12524009,12524023,12524033,12524041,12524063,12524077,12524081,12524111,12524117,12524123,12524131,12524153,12524177,12524191,12524207,12524233,12524251,12524263,12524269,12524293,12524297,12524299,12524321,12524333,12524339,12524357,12524383,12524399,12524417,12524441,12524453,12524467,12524497,12524503,12524509,12524539,12524569,12524587,12524593,12524621,12524641,12524647,12524663,12524689,12524741,12524747,12524761,12524773,12524797,12524821,12524843,12524851,12524891,12524893,12524917,12524923,12524927,12524969,12524977,12525043,12525053,12525067,12525101,12525103,12525113,12525127,12525137,12525157,12525173,12525197,12525211,12525217,12525223,12525239,12525251,12525257,12525269,12525301,12525347,12525367,12525421,12525433,12525439,12525451,12525463,12525479,12525497,12525509,12525511,12525533,12525563,12525587,12525631,12525637,12525661,12525673,12525677,12525691,12525697,12525701,12525761,12525763,12525797,12525803,12525811,12525817,12525841,12525859,12525881,12525911,12525917,12525973,12525977,12525979,12526001,12526009,12526021,12526039,12526049,12526051,12526067,12526069,12526081,12526097,12526123,12526141,12526159,12526177,12526181,12526183,12526219,12526243,12526247,12526249,12526259,12526291,12526307,12526309,12526337,12526343,12526357,12526363,12526379,12526417,12526439,12526471,12526489,12526517,12526537,12526561,12526571,12526583,12526589,12526621,12526663,12526667,12526721,12526729,12526733,12526741,12526747,12526751,12526799,12526817,12526861,12526879,12526897,12526907,12526919,12526949,12526961,12526981,12526993,12527003,12527029,12527041,12527059,12527077,12527089,12527093,12527129,12527173,12527183,12527209,12527219,12527237,12527257,12527269,12527279,12527297,12527299,12527309,12527323,12527353,12527363,12527369,12527377,12527381,12527393,12527401,12527429,12527443,12527447,12527461,12527467,12527477,12527483,12527513,12527527,12527563,12527573,12527609,12527621,12527629,12527651,12527659,12527677,12527687,12527699,12527717,12527731,12527747,12527761,12527777,12527789,12527807,12527819,12527831,12527833,12527843,12527849,12527869,12527909,12527927,12527947,12527959,12527969,12527987,12528037,12528067,12528073,12528091,12528101,12528107,12528121,12528143,12528151,12528161,12528181,12528211,12528227,12528233,12528259,12528281,12528283,12528287,12528289,12528293,12528301,12528331,12528349,12528359,12528379,12528403,12528407,12528409,12528413,12528419,12528421,12528427,12528431,12528449,12528457,12528463,12528469,12528499,12528517,12528553,12528559,12528563,12528587,12528613,12528623,12528631,12528641,12528653,12528671,12528683,12528713,12528749,12528773,12528793,12528823,12528853,12528863,12528869,12528871,12528877,12528883,12528889,12528907,12528911,12528913,12528937,12528941,12528959,12528979,12529009,12529021,12529031,12529081,12529093,12529103,12529117,12529159,12529171,12529193,12529207,12529249,12529267,12529271,12529291,12529337,12529351,12529399,12529403,12529427,12529471,12529483,12529507,12529513,12529523,12529547,12529577,12529613,12529619,12529631,12529633,12529639,12529667,12529681,12529691,12529729,12529739,12529787,12529789,12529801,12529817,12529819,12529837,12529841,12529927,12529961,12529981,12529999,12530017,12530027,12530029,12530039,12530057,12530069,12530081,12530083,12530093,12530099,12530123,12530137,12530143,12530149,12530159,12530183,12530191,12530213,12530251,12530257,12530263,12530267,12530279,12530303,12530311,12530321,12530339,12530347,12530351,12530381,12530387,12530393,12530429,12530459,12530467,12530471,12530477,12530489,12530491,12530503,12530509,12530521,12530569,12530599,12530629,12530647,12530659,12530677,12530701,12530729,12530773,12530779,12530783,12530797,12530801,12530807,12530821,12530863,12530867,12530873,12530879,12530891,12530893,12530927,12530939,12530941,12530971,12530983,12530993,12531007,12531019,12531041,12531053,12531097,12531121,12531131,12531133,12531137,12531149,12531151,12531163,12531191,12531209,12531221,12531247,12531263,12531283,12531301,12531307,12531313,12531331,12531341,12531349,12531359,12531383,12531391,12531437,12531443,12531461,12531473,12531511,12531517,12531521,12531529,12531539,12531553,12531569,12531593,12531637,12531643,12531647,12531653,12531661,12531667,12531671,12531689,12531709,12531763,12531767,12531769,12531787,12531809,12531829,12531833,12531851,12531859,12531889,12531913,12531917,12531919,12531977,12532061,12532067,12532103,12532123,12532151,12532189,12532193,12532199,12532237,12532271,12532279,12532297,12532301,12532313,12532337,12532363,12532369,12532391,12532397,12532439,12532459,12532469,12532477,12532517,12532537,12532543,12532561,12532573,12532577,12532579,12532591,12532607,12532643,12532673,12532687,12532699,12532703,12532733,12532747,12532759,12532763,12532777,12532783,12532829,12532831,12532853,12532873,12532931,12532967,12532969,12532981,12532997,12533009,12533023,12533033,12533039,12533041,12533051,12533071,12533077,12533089,12533093,12533099,12533111,12533117,12533123,12533149,12533197,12533201,12533203,12533237,12533263,12533291,12533299,12533309,12533317,12533327,12533329,12533333,12533359,12533371,12533377,12533441,12533447,12533461,12533501,12533509,12533513,12533519,12533527,12533531,12533561,12533569,12533629,12533657,12533663,12533671,12533681,12533693,12533723,12533737,12533753,12533779,12533831,12533839,12533869,12533893,12533957,12534001,12534017,12534037,12534059,12534077,12534089,12534107,12534133,12534143,12534163,12534191,12534209,12534217,12534227,12534239,12534251,12534271,12534283,12534307,12534311,12534329,12534337,12534343,12534367,12534421,12534443,12534461,12534523,12534539,12534551,12534569,12534589,12534617,12534619,12534637,12534647,12534653,12534679,12534703,12534721,12534761,12534779,12534803,12534857,12534869,12534883,12534901,12534911,12534937,12534953,12534959,12534983,12535007,12535013,12535021,12535063,12535087,12535091,12535093,12535111,12535123,12535141,12535147,12535151,12535181,12535183,12535219,12535247,12535249,12535283,12535291,12535297,12535321,12535331,12535333,12535343,12535349,12535357,12535373,12535399,12535423,12535433,12535447,12535451,12535493,12535513,12535531,12535559,12535577,12535583,12535591,12535597,12535603,12535609,12535643,12535651,12535673,12535697,12535717,12535723,12535727,12535751,12535769,12535771,12535807,12535823,12535837,12535843,12535871,12535883,12535937,12535969,12536003,12536011,12536023,12536039,12536047,12536053,12536087,12536101,12536113,12536129,12536131,12536141,12536159,12536179,12536197,12536231,12536239,12536281,12536287,12536291,12536299,12536339,12536347,12536351,12536383,12536387,12536389,12536401,12536411,12536467,12536477,12536501,12536507,12536533,12536539,12536543,12536597,12536621,12536627,12536647,12536653,12536663,12536669,12536687,12536707,12536723,12536753,12536809,12536861,12536873,12536879,12536891,12536893,12536911,12536929,12536957,12536977,12536999,12537013,12537023,12537079,12537089,12537101,12537121,12537149,12537157,12537167,12537181,12537197,12537227,12537253,12537257,12537271,12537311,12537331,12537337,12537353,12537389,12537403,12537407,12537419,12537443,12537451,12537479,12537493,12537523,12537529,12537533,12537583,12537589,12537593,12537601,12537631,12537641,12537647,12537683,12537703,12537713,12537719,12537727,12537751,12537761,12537769,12537793,12537809,12537827,12537869,12537871,12537887,12537893,12537953,12537971,12537977,12537989,12538003,12538033,12538073,12538109,12538111,12538117,12538133,12538139,12538159,12538171,12538181,12538199,12538223,12538249,12538277,12538283,12538297,12538307,12538319,12538321,12538343,12538363,12538391,12538397,12538399,12538417,12538433,12538439,12538453,12538481,12538517,12538541,12538543,12538549,12538607,12538609,12538619,12538633,12538649,12538679,12538723,12538753,12538763,12538811,12538829,12538831,12538873,12538891,12538909,12538919,12538921,12538931,12538949,12538957,12538961,12538963,12538969,12538987,12539003,12539011,12539027,12539029,12539039,12539057,12539113,12539161,12539167,12539171,12539173,12539179,12539231,12539243,12539249,12539257,12539279,12539309,12539311,12539321,12539327,12539333,12539357,12539363,12539369,12539377,12539383,12539389,12539467,12539479,12539503,12539509,12539537,12539543,12539551,12539561,12539567,12539581,12539603,12539663,12539701,12539711,12539729,12539743,12539759,12539767,12539771,12539777,12539783,12539797,12539819,12539843,12539851,12539873,12539881,12539893,12539909,12539939,12539951,12539987,12539993,12540041,12540043,12540049,12540109,12540119,12540127,12540149,12540167,12540173,12540181,12540217,12540259,12540263,12540317,12540329,12540331,12540347,12540371,12540377,12540389,12540397,12540403,12540413,12540419,12540427,12540431,12540433,12540443,12540449,12540467,12540469,12540491,12540503,12540529,12540581,12540599,12540601,12540607,12540623,12540641,12540653,12540667,12540677,12540691,12540733,12540739,12540751,12540769,12540791,12540797,12540799,12540809,12540811,12540877,12540881,12540937,12540953,12540961,12540967,12540973,12540989,12541027,12541037,12541043,12541063,12541073,12541091,12541093,12541103,12541129,12541147,12541157,12541163,12541183,12541201,12541211,12541229,12541237,12541247,12541283,12541303,12541307,12541351,12541381,12541411,12541439,12541447,12541457,12541469,12541481,12541493,12541513,12541519,12541537,12541541,12541561,12541567,12541579,12541603,12541637,12541651,12541667,12541673,12541687,12541703,12541723,12541741,12541747,12541751,12541787,12541799,12541811,12541817,12541819,12541829,12541849,12541861,12541883,12541897,12541901,12541913,12541933,12541967,12541999,12542017,12542021,12542029,12542059,12542069,12542083,12542087,12542093,12542099,12542113,12542137,12542143,12542177,12542183,12542191,12542227,12542237,12542251,12542263,12542267,12542273,12542287,12542293,12542317,12542323,12542329,12542347,12542353,12542357,12542359,12542401,12542423,12542437,12542449,12542459,12542477,12542479,12542539,12542557,12542591,12542599,12542611,12542639,12542653,12542657,12542723,12542729,12542731,12542737,12542743,12542767,12542773,12542791,12542801,12542807,12542809,12542813,12542833,12542839,12542851,12542863,12542891,12542897,12542899,12542911,12542917,12542921,12542939,12542947,12542951,12542989,12543053,12543061,12543071,12543103,12543107,12543121,12543131,12543151,12543191,12543197,12543199,12543233,12543241,12543269,12543277,12543301,12543319,12543329,12543337,12543347,12543353,12543367,12543379,12543397,12543413,12543449,12543463,12543469,12543473,12543497,12543511,12543521,12543523,12543529,12543551,12543589,12543593,12543607,12543647,12543653,12543677,12543679,12543683,12543691,12543701,12543733,12543757,12543761,12543767,12543779,12543787,12543799,12543823,12543833,12543859,12543887,12543893,12543911,12543919,12543929,12543959,12543961,12543967,12543989,12543997,12544001,12544019,12544027,12544031,12544033,12544097,12544109,12544111,12544127,12544139,12544157,12544163,12544183,12544201,12544219,12544229,12544241,12544289,12544297,12544303,12544309,12544321,12544379,12544381,12544387,12544409,12544423,12544447,12544451,12544481,12544507,12544513,12544523,12544529,12544547,12544549,12544577,12544601,12544603,12544607,12544613,12544621,12544663,12544667,12544669,12544681,12544709,12544747,12544751,12544799,12544843,12544853,12544859,12544877,12544901,12544927,12544937,12544943,12544967,12544979,12544981,12544999,12545041,12545059,12545063,12545083,12545089,12545129,12545171,12545177,12545179,12545209,12545219,12545233,12545237,12545243,12545261,12545333,12545341,12545369,12545387,12545389,12545411,12545413,12545417,12545447,12545459,12545521,12545527,12545563,12545581,12545587,12545591,12545593,12545633,12545641,12545647,12545671,12545693,12545717,12545747,12545749,12545759,12545773,12545783,12545801,12545803,12545821,12545843,12545861,12545867,12545887,12545899,12545903,12545927,12545933,12545957,12545963,12545987,12545989,12545993,12546007,12546011,12546013,12546019,12546043,12546047,12546073,12546091,12546113,12546139,12546143,12546179,12546199,12546211,12546229,12546253,12546269,12546283,12546301,12546337,12546343,12546361,12546371,12546379,12546383,12546397,12546421,12546427,12546433,12546461,12546463,12546467,12546491,12546559,12546571,12546617,12546619,12546643,12546683,12546689,12546719,12546749,12546767,12546769,12546773,12546827,12546829,12546839,12546851,12546857,12546869,12546883,12546887,12546913,12546917,12546923,12546929,12546949,12546977,12546991,12547009,12547057,12547079,12547081,12547091,12547109,12547133,12547147,12547153,12547159,12547187,12547237,12547247,12547267,12547289,12547303,12547307,12547319,12547321,12547349,12547361,12547399,12547417,12547421,12547427,12547433,12547441,12547453,12547499,12547501,12547519,12547523,12547531,12547603,12547609,12547643,12547679,12547687,12547729,12547747,12547789,12547813,12547817,12547831,12547837,12547841,12547861,12547891,12547933,12547939,12547957,12547991,12548027,12548033,12548047,12548059,12548077,12548089,12548101,12548111,12548117,12548119,12548141,12548153,12548167,12548171,12548177,12548191,12548197,12548219,12548231,12548257,12548267,12548287,12548293,12548321,12548323,12548351,12548357,12548383,12548411,12548413,12548423,12548429,12548443,12548467,12548477,12548479,12548491,12548551,12548563,12548579,12548633,12548659,12548663,12548693,12548699,12548713,12548719,12548729,12548749,12548761,12548779,12548791,12548801,12548807,12548813,12548821,12548827,12548849,12548903,12548917,12548951,12548983,12548999,12549001,12549013,12549029,12549041,12549049,12549073,12549091,12549113,12549127,12549133,12549137,12549143,12549151,12549209,12549217,12549223,12549259,12549269,12549289,12549293,12549307,12549323,12549331,12549343,12549371,12549377,12549379,12549391,12549413,12549419,12549457,12549461,12549479,12549487,12549521,12549527,12549539,12549583,12549599,12549617,12549619,12549631,12549643,12549653,12549661,12549673,12549701,12549707,12549737,12549751,12549769,12549787,12549809,12549847,12549857,12549863,12549871,12549877,12549907,12549913,12550001,12550033,12550049,12550061,12550073,12550093,12550099,12550123,12550147,12550169,12550183,12550229,12550247,12550259,12550261,12550271,12550273,12550283,12550297,12550309,12550313,12550337,12550339,12550357,12550411,12550441,12550459,12550463,12550481,12550501,12550519,12550523,12550529,12550543,12550547,12550561,12550579,12550589,12550613,12550619,12550639,12550669,12550687,12550723,12550729,12550751,12550757,12550763,12550787,12550789,12550793,12550799,12550819,12550829,12550831,12550861,12550873,12550931,12550949,12550957,12550991,12551003,12551009,12551017,12551053,12551059,12551101,12551107,12551111,12551131,12551179,12551197,12551213,12551239,12551243,12551257,12551263,12551269,12551291,12551317,12551327,12551339,12551351,12551377,12551387,12551393,12551417,12551437,12551443,12551447,12551479,12551501,12551507,12551531,12551549,12551557,12551569,12551587,12551597,12551603,12551639,12551641,12551653,12551663,12551681,12551687,12551689,12551711,12551731,12551753,12551779,12551783,12551789,12551857,12551873,12551881,12551893,12551911,12551923,12551939,12551941,12551971,12552011,12552037,12552047,12552049,12552053,12552061,12552079,12552097,12552121,12552143,12552151,12552167,12552187,12552193,12552203,12552209,12552223,12552229,12552233,12552247,12552251,12552263,12552311,12552317,12552349,12552373,12552377,12552391,12552403,12552433,12552439,12552451,12552461,12552473,12552481,12552487,12552497,12552499,12552541,12552571,12552577,12552581,12552599,12552607,12552611,12552629,12552637,12552667,12552677,12552697,12552719,12552739,12552751,12552769,12552773,12552791,12552811,12552829,12552877,12552887,12552907,12552931,12552941,12552949,12552959,12552961,12552973,12552979,12552983,12553001,12553019,12553039,12553043,12553063,12553067,12553069,12553081,12553097,12553111,12553117,12553127,12553141,12553159,12553199,12553207,12553213,12553241,12553271,12553273,12553279,12553301,12553309,12553313,12553379,12553381,12553403,12553417,12553451,12553459,12553477,12553483,12553487,12553493,12553511,12553523,12553529,12553553,12553573,12553579,12553603,12553609,12553613,12553621,12553631,12553637,12553649,12553657,12553669,12553691,12553727,12553733,12553753,12553777,12553817,12553819,12553829,12553859,12553901,12553909,12553921,12553943,12553993,12554011,12554023,12554027,12554051,12554081,12554093,12554131,12554141,12554147,12554161,12554167,12554173,12554183,12554189,12554207,12554221,12554233,12554249,12554257,12554281,12554299,12554309,12554317,12554327,12554329,12554363,12554369,12554371,12554387,12554447,12554453,12554461,12554501,12554533,12554557,12554579,12554623,12554657,12554681,12554699,12554701,12554723,12554761,12554777,12554797,12554809,12554821,12554827,12554833,12554851,12554869,12554873,12554879,12554887,12554903,12554911,12554921,12554923,12554933,12554939,12554957,12554977,12554981,12555041,12555043,12555047,12555071,12555077,12555083,12555107,12555113,12555119,12555121,12555149,12555199,12555241,12555281,12555287,12555293,12555311,12555349,12555353,12555359,12555397,12555443,12555451,12555457,12555467,12555479,12555509,12555511,12555547,12555551,12555577,12555581,12555593,12555607,12555629,12555643,12555649,12555667,12555679,12555703,12555709,12555737,12555743,12555749,12555757,12555779,12555791,12555793,12555797,12555817,12555833,12555847,12555863,12555931,12555947,12555989,12555997,12556039,12556067,12556087,12556099,12556111,12556121,12556139,12556153,12556163,12556199,12556211,12556213,12556223,12556231,12556237,12556241,12556253,12556261,12556267,12556277,12556307,12556309,12556331,12556361,12556381,12556393,12556417,12556429,12556441,12556463,12556469,12556471,12556477,12556483,12556487,12556493,12556499,12556501,12556529,12556543,12556547,12556571,12556573,12556613,12556631,12556637,12556639,12556669,12556697,12556699,12556711,12556723,12556729,12556751,12556759,12556769,12556799,12556811,12556867,12556877,12556879,12556933,12556937,12556963,12556969,12556997,12557021,12557053,12557063,12557071,12557089,12557093,12557107,12557113,12557141,12557173,12557177,12557191,12557197,12557213,12557227,12557239,12557257,12557291,12557297,12557317,12557417,12557429,12557437,12557453,12557473,12557483,12557491,12557549,12557561,12557569,12557593,12557641,12557647,12557659,12557693,12557707,12557711,12557719,12557723,12557729,12557731,12557749,12557771,12557813,12557819,12557851,12557891,12557929,12557933,12557953,12557969,12557981,12558017,12558041,12558043,12558061,12558079,12558083,12558089,12558109,12558127,12558151,12558163,12558173,12558197,12558211,12558229,12558241,12558251,12558289,12558311,12558313,12558319,12558331,12558361,12558367,12558383,12558389,12558397,12558419,12558439,12558443,12558463,12558527,12558569,12558571,12558593,12558599,12558617,12558641,12558659,12558671,12558673,12558683,12558731,12558737,12558739,12558743,12558757,12558779,12558781,12558787,12558809,12558811,12558877,12558883,12558907,12558913,12558941,12558961,12559003,12559009,12559013,12559037,12559049,12559069,12559087,12559091,12559093,12559103,12559121,12559181,12559189,12559193,12559213,12559231,12559259,12559273,12559279,12559297,12559319,12559343,12559367,12559369,12559373,12559381,12559423,12559427,12559429,12559453,12559471,12559501,12559531,12559543,12559567,12559579,12559597,12559601,12559607,12559609,12559621,12559637,12559691,12559699,12559709,12559739,12559759,12559777,12559783,12559819,12559831,12559849,12559853,12559873,12559891,12559933,12559949,12559997,12560003,12560017,12560027,12560033,12560069,12560071,12560081,12560087,12560089,12560101,12560111,12560117,12560143,12560147,12560153,12560183,12560189,12560201,12560203,12560209,12560221,12560267,12560281,12560293,12560321,12560341,12560347,12560407,12560437,12560441,12560459,12560489,12560497,12560503,12560519,12560521,12560533,12560543,12560563,12560573,12560621,12560641,12560677,12560699,12560711,12560731,12560749,12560753,12560759,12560771,12560777,12560791,12560803,12560809,12560819,12560827,12560831,12560839,12560851,12560861,12560887,12560893,12560903,12560927,12560929,12560939,12560963,12560969,12560987,12560993,12561007,12561023,12561061,12561083,12561091,12561103,12561127,12561139,12561163,12561187,12561217,12561221,12561229,12561233,12561257,12561287,12561301,12561313,12561323,12561331,12561349,12561359,12561383,12561397,12561401,12561431,12561481,12561491,12561509,12561511,12561529,12561551,12561599,12561671,12561701,12561707,12561709,12561733,12561739,12561751,12561799,12561803,12561823,12561859,12561863,12561877,12561883,12561889,12561911,12561917,12561931,12561947,12561961,12561971,12561973,12562001,12562009,12562013,12562051,12562057,12562061,12562073,12562093,12562111,12562139,12562153,12562159,12562169,12562171,12562181,12562183,12562237,12562283,12562289,12562327,12562331,12562367,12562369,12562379,12562391,12562397,12562411,12562421,12562427,12562447,12562463,12562469,12562483,12562513,12562519,12562547,12562559,12562619,12562633,12562663,12562673,12562679,12562699,12562723,12562727,12562787,12562793,12562841,12562883,12562897,12562903,12562919,12562937,12562939,12562981,12562987,12562993,12562999,12563039,12563063,12563077,12563093,12563099,12563101,12563113,12563137,12563141,12563143,12563167,12563171,12563183,12563189,12563203,12563207,12563209,12563249,12563263,12563273,12563321,12563333,12563363,12563381,12563393,12563413,12563417,12563437,12563443,12563477,12563501,12563539,12563557,12563567,12563581,12563591,12563669,12563687,12563689,12563737,12563777,12563797,12563813,12563821,12563839,12563851,12563857,12563927,12563933,12563951,12563953,12563963,12563977,12564001,12564007,12564011,12564017,12564061,12564077,12564121,12564137,12564143,12564151,12564157,12564161,12564169,12564193,12564247,12564259,12564281,12564287,12564317,12564319,12564347,12564389,12564401,12564413,12564421,12564427,12564439,12564449,12564467,12564481,12564521,12564527,12564599,12564613,12564631,12564637,12564667,12564679,12564697,12564709,12564731,12564733,12564749,12564767,12564781,12564787,12564791,12564803,12564821,12564847,12564883,12564899,12564911,12564919,12564961,12564967,12564971,12564973,12564977,12565009,12565019,12565039,12565043,12565051,12565067,12565079,12565093,12565097,12565123,12565129,12565139,12565169,12565177,12565211,12565219,12565243,12565249,12565277,12565297,12565307,12565339,12565349,12565361,12565379,12565409,12565433,12565463,12565471,12565481,12565489,12565493,12565513,12565519,12565537,12565541,12565547,12565549,12565561,12565603,12565627,12565667,12565673,12565687,12565727,12565747,12565769,12565781,12565789,12565799,12565801,12565811,12565831,12565837,12565841,12565853,12565871,12565919,12565921,12565937,12565991,12566003,12566023,12566033,12566041,12566053,12566089,12566101,12566161,12566167,12566173,12566207,12566227,12566237,12566243,12566261,12566291,12566297,12566321,12566327,12566329,12566369,12566419,12566473,12566509,12566537,12566539,12566551,12566557,12566591,12566597,12566627,12566629,12566639,12566647,12566663,12566669,12566677,12566693,12566737,12566747,12566759,12566761,12566789,12566797,12566803,12566819,12566821,12566837,12566839,12566849,12566857,12566861,12566863,12566867,12566903,12566909,12566933,12566963,12566969,12566971,12566977,12567007,12567017,12567019,12567073,12567089,12567091,12567101,12567103,12567109,12567119,12567143,12567157,12567173,12567187,12567193,12567259,12567287,12567293,12567311,12567323,12567349,12567389,12567397,12567409,12567419,12567433,12567439,12567473,12567479,12567491,12567509,12567547,12567551,12567559,12567571,12567587,12567623,12567629,12567631,12567661,12567671,12567677,12567691,12567707,12567727,12567757,12567761,12567773,12567791,12567799,12567823,12567833,12567851,12567857,12567917,12567937,12567953,12567977,12567983,12568021,12568037,12568043,12568079,12568081,12568091,12568093,12568103,12568111,12568133,12568141,12568147,12568159,12568211,12568217,12568247,12568249,12568289,12568307,12568319,12568331,12568333,12568351,12568363,12568393,12568399,12568417,12568421,12568433,12568447,12568477,12568489,12568499,12568531,12568553,12568561,12568573,12568583,12568613,12568643,12568657,12568667,12568679,12568697,12568723,12568727,12568753,12568757,12568769,12568793,12568799,12568807,12568811,12568813,12568841,12568859,12568883,12568891,12568901,12568931,12568951,12568957,12568973,12568991,12568993,12569021,12569023,12569027,12569041,12569047,12569071,12569077,12569087,12569129,12569131,12569153,12569173,12569189,12569197,12569231,12569237,12569261,12569281,12569303,12569309,12569363,12569371,12569377,12569387,12569413,12569461,12569471,12569483,12569489,12569497,12569503,12569509,12569521,12569527,12569549,12569561,12569587,12569591,12569593,12569617,12569629,12569699,12569701,12569719,12569723,12569729,12569743,12569759,12569761,12569807,12569813,12569827,12569831,12569833,12569839,12569857,12569863,12569867,12569873,12569929,12569941,12569951,12569969,12569971,12570031,12570037,12570043,12570073,12570119,12570139,12570163,12570179,12570193,12570199,12570203,12570227,12570241,12570247,12570251,12570263,12570281,12570289,12570307,12570329,12570347,12570377,12570379,12570391,12570403,12570409,12570413,12570421,12570431,12570451,12570461,12570499,12570517,12570529,12570539,12570541,12570553,12570619,12570637,12570689,12570703,12570707,12570721,12570731,12570739,12570757,12570781,12570809,12570823,12570827,12570829,12570839,12570853,12570863,12570869,12570881,12570893,12570919,12570923,12570937,12570947,12570979,12570997,12571003,12571037,12571057,12571061,12571067,12571121,12571127,12571183,12571187,12571193,12571199,12571201,12571241,12571261,12571267,12571301,12571309,12571319,12571327,12571357,12571373,12571387,12571393,12571397,12571417,12571421,12571439,12571457,12571469,12571511,12571519,12571541,12571567,12571579,12571583,12571621,12571649,12571651,12571667,12571681,12571693,12571697,12571723,12571739,12571747,12571753,12571763,12571817,12571831,12571843,12571847,12571849,12571859,12571861,12571883,12571913,12571919,12571921,12571943,12571969,12571991,12571997,12572003,12572029,12572057,12572059,12572069,12572123,12572137,12572141,12572149,12572159,12572207,12572233,12572239,12572249,12572257,12572269,12572291,12572293,12572309,12572311,12572317,12572321,12572327,12572347,12572377,12572419,12572431,12572437,12572477,12572479,12572531,12572533,12572551,12572557,12572597,12572603,12572611,12572629,12572633,12572663,12572671,12572683,12572687,12572759,12572761,12572767,12572837,12572909,12572969,12572977,12572993,12573059,12573083,12573091,12573103,12573163,12573173,12573179,12573191,12573199,12573221,12573227,12573247,12573277,12573283,12573289,12573311,12573359,12573361,12573367,12573373,12573391,12573401,12573427,12573437,12573439,12573469,12573493,12573499,12573529,12573541,12573601,12573607,12573629,12573637,12573641,12573643,12573661,12573679,12573707,12573731,12573749,12573751,12573779,12573809,12573811,12573833,12573851,12573857,12573859,12573871,12573881,12573917,12573923,12573949,12573959,12573971,12573989,12574039,12574049,12574057,12574063,12574087,12574099,12574109,12574141,12574147,12574183,12574201,12574241,12574253,12574267,12574283,12574291,12574321,12574327,12574337,12574381,12574403,12574421,12574423,12574433,12574451,12574453,12574459,12574477,12574483,12574501,12574511,12574517,12574519,12574531,12574547,12574553,12574579,12574607,12574631,12574633,12574643,12574649,12574669,12574673,12574687,12574691,12574699,12574703,12574711,12574717,12574733,12574759,12574763,12574769,12574787,12574801,12574811,12574817,12574829,12574831,12574843,12574853,12574873,12574879,12574889,12574921,12574927,12574937,12574957,12574981,12574993,12575011,12575041,12575047,12575063,12575099,12575113,12575117,12575137,12575149,12575209,12575231,12575263,12575279,12575281,12575293,12575309,12575317,12575323,12575327,12575341,12575383,12575399,12575417,12575419,12575443,12575467,12575471,12575489,12575501,12575513,12575527,12575551,12575567,12575569,12575609,12575617,12575623,12575653,12575659,12575669,12575711,12575713,12575741,12575753,12575803,12575809,12575831,12575839,12575851,12575861,12575867,12575881,12575887,12575923,12575933,12575947,12575951,12575977,12576001,12576007,12576023,12576037,12576059,12576097,12576133,12576139,12576143,12576163,12576191,12576199,12576229,12576241,12576251,12576257,12576259,12576281,12576287,12576293,12576313,12576349,12576371,12576391,12576427,12576449,12576457,12576491,12576493,12576497,12576523,12576527,12576547,12576587,12576593,12576611,12576623,12576647,12576649,12576661,12576667,12576671,12576701,12576703,12576713,12576743,12576757,12576763,12576779,12576829,12576833,12576901,12576931,12576943,12576959,12576961,12576973,12576983,12576989,12577043,12577049,12577051,12577063,12577079,12577087,12577091,12577099,12577109,12577111,12577121,12577129,12577133,12577141,12577157,12577181,12577189,12577193,12577211,12577217,12577223,12577237,12577277,12577291,12577303,12577309,12577321,12577333,12577361,12577379,12577393,12577403,12577421,12577459,12577469,12577471,12577489,12577493,12577507,12577519,12577531,12577567,12577577,12577613,12577657,12577667,12577673,12577687,12577727,12577729,12577751,12577759,12577781,12577787,12577813,12577819,12577879,12577889,12577913,12577919,12577927,12577931,12577937,12577949,12577951,12577963,12577969,12577991,12577993,12577997,12578009,12578029,12578047,12578063,12578081,12578089,12578101,12578117,12578129,12578131,12578161,12578173,12578183,12578201,12578239,12578303,12578339,12578341,12578359,12578393,12578407,12578413,12578429,12578441,12578443,12578471,12578477,12578497,12578507,12578549,12578561,12578581,12578593,12578597,12578603,12578611,12578681,12578701,12578707,12578717,12578737,12578743,12578767,12578801,12578803,12578807,12578879,12578887,12578897,12578903,12578911,12578921,12578947,12578959,12578983,12578987,12579023,12579071,12579079,12579101,12579107,12579113,12579131,12579139,12579143,12579163,12579209,12579227,12579239,12579257,12579271,12579277,12579289,12579313,12579323,12579341,12579353,12579377,12579403,12579431,12579443,12579467,12579509,12579517,12579557,12579559,12579587,12579601,12579617,12579629,12579631,12579641,12579647,12579673,12579683,12579713,12579737,12579757,12579761,12579773,12579793,12579797,12579811,12579821,12579841,12579859,12579863,12579877,12579887,12579899,12579923,12579929,12579947,12579953,12579967,12579971,12579991,12580003,12580019,12580049,12580063,12580069,12580081,12580093,12580159,12580189,12580193,12580207,12580231,12580237,12580273,12580279,12580283,12580297,12580301,12580303,12580313,12580339,12580361,12580363,12580367,12580397,12580411,12580427,12580429,12580433,12580439,12580483,12580487,12580499,12580507,12580543,12580549,12580571,12580591,12580613,12580619,12580621,12580627,12580643,12580681,12580709,12580723,12580741,12580781,12580783,12580807,12580817,12580837,12580859,12580871,12580877,12580879,12580903,12580927,12580933,12580937,12580943,12580949,12580963,12580993,12581027,12581033,12581047,12581053,12581077,12581083,12581089,12581111,12581117,12581119,12581123,12581183,12581227,12581237,12581243,12581263,12581269,12581291,12581323,12581329,12581339,12581341,12581357,12581407,12581419,12581423,12581431,12581441,12581449,12581453,12581467,12581473,12581501,12581519,12581537,12581551,12581557,12581587,12581599,12581603,12581627,12581651,12581659,12581689,12581693,12581707,12581747,12581749,12581797,12581827,12581837,12581879,12581903,12581909,12581917,12581923,12581951,12581953,12581963,12581977,12581983,12581993,12582013,12582049,12582071,12582077,12582079,12582083,12582103,12582149,12582169,12582181,12582191,12582223,12582247,12582263,12582289,12582293,12582301,12582307,12582341,12582343,12582347,12582371,12582391,12582439,12582443,12582457,12582461,12582467,12582469,12582509,12582539,12582589,12582593,12582599,12582611,12582637,12582643,12582649,12582659,12582673,12582707,12582721,12582751,12582761,12582767,12582797,12582799,12582803,12582821,12582841,12582853,12582893,12582917,12582919,12582929,12582967,12582971,12582991,12583003,12583007,12583027,12583031,12583037,12583061,12583063,12583091,12583099,12583121,12583157,12583159,12583171,12583177,12583183,12583211,12583217,12583237,12583273,12583297,12583327,12583379,12583397,12583409,12583423,12583429,12583463,12583469,12583481,12583499,12583511,12583513,12583517,12583523,12583559,12583561,12583573,12583577,12583583,12583591,12583601,12583603,12583607,12583609,12583657,12583661,12583693,12583699,12583721,12583741,12583759,12583777,12583787,12583789,12583817,12583841,12583849,12583853,12583889,12583891,12583897,12583913,12583919,12583939,12583957,12583973,12583979,12583981,12583997,12584003,12584009,12584017,12584071,12584119,12584129,12584149,12584177,12584207,12584219,12584227,12584261,12584263,12584291,12584311,12584317,12584321,12584323,12584353,12584359,12584371,12584393,12584399,12584401,12584443,12584449,12584501,12584527,12584531,12584569,12584597,12584599,12584603,12584609,12584617,12584629,12584633,12584651,12584659,12584711,12584717,12584723,12584731,12584771,12584801,12584807,12584809,12584833,12584837,12584863,12584881,12584899,12584911,12584983,12584989,12584993,12585007,12585017,12585037,12585059,12585061,12585077,12585091,12585121,12585137,12585161,12585169,12585173,12585179,12585191,12585193,12585211,12585227,12585241,12585259,12585271,12585299,12585329,12585359,12585367,12585371,12585379,12585383,12585403,12585409,12585413,12585421,12585431,12585479,12585487,12585493,12585497,12585499,12585523,12585527,12585533,12585553,12585557,12585571,12585649,12585667,12585679,12585697,12585701,12585731,12585737,12585787,12585791,12585817,12585829,12585863,12585869,12585877,12585889,12585931,12585941,12585949,12585973,12585977,12585983,12585997,12586019,12586051,12586097,12586111,12586141,12586163,12586169,12586193,12586199,12586207,12586213,12586243,12586247,12586283,12586297,12586309,12586331,12586337,12586367,12586381,12586393,12586397,12586421,12586423,12586447,12586463,12586471,12586489,12586499,12586501,12586507,12586513,12586523,12586537,12586547,12586571,12586583,12586591,12586619,12586621,12586627,12586633,12586657,12586661,12586711,12586723,12586753,12586781,12586799,12586807,12586813,12586823,12586829,12586853,12586859,12586891,12586901,12586913,12586963,12586967,12586979,12586997,12587009,12587027,12587039,12587053,12587059,12587077,12587087,12587111,12587143,12587153,12587203,12587213,12587219,12587227,12587249,12587251,12587257,12587269,12587273,12587297,12587299,12587303,12587381,12587401,12587441,12587467,12587501,12587503,12587507,12587521,12587539,12587551,12587563,12587579,12587629,12587677,12587683,12587689,12587699,12587713,12587719,12587723,12587741,12587749,12587797,12587821,12587833,12587843,12587851,12587867,12587873,12587879,12587903,12587917,12587929,12587941,12587951,12587983,12587989,12588019,12588031,12588053,12588073,12588091,12588101,12588131,12588133,12588137,12588157,12588167,12588179,12588187,12588197,12588209,12588227,12588239,12588269,12588281,12588287,12588307,12588311,12588319,12588343,12588391,12588397,12588421,12588437,12588439,12588451,12588461,12588479,12588481,12588491,12588493,12588503,12588553,12588559,12588577,12588601,12588607,12588617,12588623,12588629,12588643,12588661,12588683,12588701,12588713,12588727,12588733,12588743,12588761,12588767,12588787,12588791,12588799,12588803,12588833,12588841,12588853,12588869,12588881,12588899,12588911,12588913,12588937,12588941,12588973,12588977,12589033,12589043,12589051,12589063,12589111,12589121,12589127,12589141,12589169,12589177,12589189,12589237,12589253,12589261,12589273,12589289,12589301,12589307,12589319,12589327,12589351,12589387,12589397,12589399,12589403,12589417,12589439,12589463,12589471,12589481,12589483,12589529,12589531,12589543,12589553,12589559,12589589,12589651,12589691,12589699,12589721,12589783,12589789,12589807,12589823,12589831,12589849,12589859,12589861,12589873,12589883,12589919,12589939,12589949,12590003,12590009,12590033,12590041,12590051,12590057,12590059,12590063,12590077,12590087,12590093,12590107,12590111,12590113,12590117,12590119,12590129,12590143,12590161,12590189,12590231,12590233,12590243,12590261,12590273,12590287,12590317,12590329,12590401,12590419,12590441,12590447,12590449,12590491,12590497,12590507,12590527,12590533,12590537,12590549,12590551,12590561,12590569,12590579,12590587,12590603,12590623,12590639,12590647,12590651,12590663,12590671,12590719,12590723,12590771,12590779,12590801,12590819,12590857,12590869,12590881,12590899,12590933,12590951,12590983,12590987,12591023,12591031,12591041,12591043,12591149,12591151,12591197,12591199,12591209,12591233,12591269,12591277,12591283,12591287,12591317,12591323,12591343,12591379,12591391,12591413,12591421,12591427,12591431,12591443,12591451,12591479,12591493,12591497,12591499,12591503,12591563,12591583,12591613,12591617,12591643,12591659,12591671,12591707,12591727,12591743,12591749,12591757,12591767,12591769,12591773,12591791,12591811,12591823,12591827,12591857,12591893,12591907,12591919,12591937,12591947,12591949,12591959,12591977,12592001,12592039,12592067,12592091,12592103,12592157,12592171,12592183,12592187,12592213,12592243,12592253,12592273,12592277,12592297,12592309,12592313,12592337,12592357,12592361,12592369,12592373,12592387,12592403,12592451,12592457,12592483,12592501,12592513,12592519,12592537,12592571,12592577,12592589,12592609,12592627,12592633,12592667,12592669,12592673,12592693,12592709,12592721,12592751,12592759,12592807,12592817,12592819,12592823,12592841,12592849,12592889,12592907,12592927,12592933,12592949,12592961,12592963,12592981,12592997,12592999,12593017,12593041,12593051,12593069,12593071,12593083,12593101,12593111,12593117,12593123,12593129,12593131,12593159,12593173,12593179,12593183,12593197,12593201,12593239,12593291,12593293,12593297,12593309,12593359,12593363,12593369,12593377,12593381,12593393,12593419,12593461,12593467,12593473,12593513,12593527,12593531,12593573,12593591,12593597,12593663,12593681,12593689,12593699,12593717,12593723,12593729,12593731,12593761,12593803,12593809,12593813,12593831,12593873,12593891,12593921,12593951,12593953,12593983,12593989,12594037,12594053,12594067,12594077,12594083,12594089,12594103,12594107,12594137,12594143,12594151,12594157,12594163,12594173,12594203,12594223,12594233,12594247,12594269,12594289,12594293,12594299,12594341,12594343,12594353,12594367,12594389,12594391,12594403,12594431,12594437,12594469,12594481,12594493,12594499,12594539,12594563,12594611,12594661,12594677,12594679,12594683,12594691,12594713,12594719,12594767,12594779,12594781,12594809,12594811,12594833,12594839,12594859,12594871,12594889,12594941,12594947,12594949,12594979,12594983,12595027,12595031,12595039,12595103,12595109,12595111,12595117,12595123,12595127,12595151,12595153,12595169,12595171,12595183,12595199,12595213,12595217,12595243,12595273,12595279,12595327,12595339,12595357,12595381,12595399,12595403,12595411,12595439,12595447,12595459,12595469,12595477,12595489,12595501,12595507,12595511,12595529,12595553,12595571,12595573,12595591,12595601,12595607,12595631,12595633,12595637,12595663,12595669,12595673,12595711,12595729,12595757,12595787,12595813,12595823,12595853,12595871,12595883,12595909,12595937,12595949,12595991,12596009,12596011,12596029,12596053,12596071,12596083,12596093,12596113,12596123,12596153,12596159,12596197,12596219,12596231,12596273,12596279,12596281,12596299,12596321,12596327,12596357,12596393,12596399,12596401,12596407,12596429,12596431,12596483,12596491,12596497,12596503,12596533,12596543,12596557,12596579,12596587,12596593,12596599,12596627,12596651,12596657,12596659,12596671,12596681,12596693,12596699,12596707,12596713,12596719,12596743,12596747,12596777,12596809,12596839,12596849,12596869,12596879,12596897,12596923,12596929,12596957,12596959,12596999,12597007,12597029,12597037,12597041,12597059,12597083,12597089,12597097,12597121,12597157,12597161,12597163,12597173,12597181,12597227,12597251,12597271,12597283,12597301,12597313,12597337,12597349,12597359,12597367,12597371,12597379,12597401,12597413,12597421,12597433,12597449,12597461,12597463,12597469,12597479,12597499,12597521,12597547,12597553,12597643,12597647,12597653,12597679,12597713,12597751,12597757,12597773,12597791,12597821,12597847,12597863,12597881,12597889,12597899,12597911,12597917,12597961,12597967,12597971,12598013,12598049,12598057,12598063,12598067,12598087,12598127,12598129,12598133,12598163,12598189,12598213,12598231,12598247,12598249,12598277,12598283,12598291,12598297,12598331,12598361,12598363,12598373,12598381,12598393,12598403,12598409,12598423,12598451,12598459,12598517,12598541,12598567,12598589,12598591,12598601,12598627,12598631,12598633,12598637,12598661,12598711,12598721,12598723,12598739,12598769,12598771,12598787,12598793,12598823,12598829,12598837,12598891,12598897,12598903,12598909,12598913,12598939,12598951,12598967,12598979,12598991,12599017,12599047,12599077,12599087,12599131,12599141,12599173,12599179,12599183,12599207,12599221,12599231,12599297,12599303,12599309,12599333,12599347,12599359,12599371,12599381,12599393,12599399,12599401,12599437,12599453,12599459,12599467,12599491,12599497,12599507,12599513,12599519,12599557,12599563,12599579,12599597,12599599,12599623,12599633,12599651,12599677,12599683,12599687,12599689,12599693,12599701,12599729,12599747,12599761,12599801,12599803,12599813,12599827,12599843,12599861,12599911,12599921,12599957,12599963,12599969,12599987,12600001,12600013,12600023,12600037,12600047,12600101,12600103,12600121,12600131,12600139,12600143,12600149,12600163,12600187,12600191,12600197,12600209,12600223,12600227,12600233,12600241,12600253,12600271,12600283,12600307,12600323,12600331,12600337,12600359,12600361,12600373,12600403,12600437,12600443,12600449,12600463,12600473,12600491,12600493,12600521,12600557,12600563,12600589,12600607,12600631,12600647,12600649,12600661,12600691,12600701,12600719,12600751,12600773,12600779,12600821,12600823,12600827,12600829,12600851,12600869,12600901,12600919,12600923,12600947,12600949,12601013,12601027,12601031,12601037,12601049,12601073,12601081,12601087,12601093,12601117,12601133,12601139,12601153,12601181,12601189,12601207,12601213,12601219,12601223,12601231,12601241,12601249,12601261,12601271,12601273,12601289,12601297,12601307,12601327,12601357,12601361,12601363,12601373,12601387,12601417,12601453,12601487,12601489,12601543,12601559,12601583,12601621,12601627,12601657,12601663,12601691,12601697,12601703,12601733,12601759,12601783,12601789,12601819,12601847,12601891,12601909,12601931,12601933,12601937,12601943,12601951,12601961,12601991,12601993,12602017,12602039,12602071,12602077,12602087,12602101,12602113,12602123,12602147,12602179,12602189,12602197,12602201,12602207,12602267,12602281,12602329,12602363,12602383,12602407,12602411,12602431,12602437,12602449,12602467,12602503,12602507,12602521,12602537,12602549,12602561,12602563,12602573,12602581,12602587,12602641,12602651,12602659,12602663,12602677,12602683,12602687,12602699,12602717,12602743,12602747,12602761,12602801,12602851,12602857,12602893,12602897,12602917,12602927,12602951,12602959,12602971,12602987,12603007,12603013,12603037,12603047,12603053,12603079,12603089,12603091,12603109,12603119,12603121,12603127,12603133,12603161,12603179,12603181,12603193,12603221,12603233,12603247,12603259,12603299,12603317,12603319,12603337,12603361,12603373,12603407,12603449,12603497,12603499,12603527,12603529,12603533,12603551,12603583,12603599,12603611,12603629,12603653,12603667,12603673,12603697,12603713,12603727,12603781,12603797,12603809,12603823,12603827,12603841,12603847,12603853,12603869,12603883,12603901,12603911,12603917,12603923,12603937,12603947,12603959,12603967,12604001,12604019,12604057,12604061,12604099,12604159,12604181,12604199,12604211,12604217,12604219,12604223,12604231,12604243,12604303,12604313,12604337,12604349,12604351,12604363,12604373,12604379,12604393,12604409,12604421,12604439,12604441,12604451,12604453,12604477,12604489,12604511,12604523,12604549,12604561,12604577,12604591,12604597,12604639,12604649,12604661,12604703,12604721,12604727,12604741,12604747,12604751,12604783,12604793,12604829,12604841,12604853,12604861,12604873,12604903,12604909,12604919,12604931,12604957,12604967,12604987,12604997,12605011,12605017,12605039,12605051,12605069,12605077,12605137,12605167,12605171,12605183,12605191,12605207,12605221,12605237,12605249,12605261,12605273,12605287,12605309,12605317,12605323,12605339,12605363,12605377,12605387,12605393,12605413,12605423,12605503,12605519,12605539,12605557,12605591,12605597,12605599,12605603,12605611,12605617,12605629,12605647,12605657,12605689,12605707,12605743,12605753,12605767,12605779,12605783,12605821,12605839,12605851,12605867,12605897,12605899,12605903,12605921,12605947,12605969,12605977,12606007,12606017,12606019,12606029,12606031,12606043,12606059,12606071,12606073,12606091,12606127,12606137,12606161,12606169,12606173,12606179,12606193,12606203,12606239,12606241,12606247,12606259,12606283,12606301,12606313,12606317,12606331,12606343,12606359,12606361,12606383,12606397,12606409,12606427,12606437,12606449,12606457,12606463,12606467,12606497,12606509,12606521,12606541,12606551,12606563,12606569,12606593,12606623,12606631,12606641,12606661,12606667,12606703,12606731,12606733,12606743,12606757,12606767,12606821,12606827,12606871,12606887,12606889,12606901,12606917,12606929,12606941,12606949,12606961,12606989,12606991,12607009,12607019,12607031,12607033,12607043,12607069,12607073,12607093,12607099,12607129,12607157,12607159,12607169,12607171,12607207,12607229,12607249,12607261,12607271,12607277,12607307,12607313,12607321,12607349,12607351,12607369,12607379,12607391,12607403,12607429,12607447,12607453,12607477,12607493,12607501,12607513,12607549,12607559,12607577,12607589,12607597,12607601,12607613,12607619,12607631,12607667,12607691,12607723,12607741,12607747,12607781,12607789,12607801,12607813,12607817,12607823,12607831,12607843,12607867,12607871,12607873,12607877,12607909,12607913,12607919,12607927,12607937,12607939,12608017,12608021,12608023,12608051,12608059,12608093,12608107,12608119,12608143,12608171,12608177,12608249,12608257,12608263,12608269,12608287,12608291,12608293,12608303,12608317,12608327,12608353,12608371,12608377,12608383,12608429,12608461,12608467,12608473,12608489,12608501,12608507,12608569,12608573,12608593,12608597,12608621,12608627,12608671,12608681,12608683,12608699,12608711,12608767,12608789,12608803,12608851,12608857,12608867,12608891,12608903,12608927,12608929,12608957,12608963,12608977,12608983,12608993,12609013,12609029,12609031,12609043,12609049,12609073,12609097,12609101,12609137,12609139,12609161,12609167,12609173,12609227,12609239,12609241,12609251,12609271,12609319,12609323,12609353,12609367,12609413,12609419,12609433,12609439,12609463,12609481,12609491,12609503,12609523,12609533,12609551,12609587,12609607,12609613,12609643,12609647,12609659,12609679,12609689,12609697,12609713,12609731,12609757,12609761,12609781,12609803,12609823,12609829,12609833,12609847,12609851,12609853,12609881,12609887,12609889,12609907,12609917,12609931,12609953,12609979,12609997,12610027,12610043,12610069,12610079,12610109,12610111,12610127,12610133,12610151,12610159,12610163,12610177,12610181,12610183,12610189,12610201,12610207,12610231,12610249,12610253,12610261,12610267,12610307,12610313,12610333,12610349,12610373,12610387,12610421,12610441,12610501,12610511,12610513,12610517,12610519,12610553,12610571,12610573,12610579,12610589,12610597,12610603,12610613,12610627,12610649,12610667,12610669,12610681,12610721,12610723,12610727,12610777,12610781,12610789,12610799,12610811,12610817,12610841,12610861,12610867,12610879,12610891,12610901,12610919,12610921,12610933,12610943,12610951,12610963,12611023,12611029,12611047,12611051,12611057,12611069,12611089,12611101,12611111,12611167,12611171,12611173,12611177,12611189,12611197,12611237,12611257,12611267,12611273,12611279,12611281,12611299,12611303,12611351,12611353,12611359,12611363,12611377,12611387,12611393,12611411,12611419,12611447,12611449,12611453,12611461,12611471,12611479,12611483,12611519,12611581,12611597,12611617,12611623,12611633,12611693,12611707,12611713,12611747,12611749,12611759,12611777,12611789,12611821,12611831,12611849,12611869,12611891,12611903,12611917,12611927,12611939,12611957,12611987,12611993,12611999,12612001,12612091,12612109,12612139,12612169,12612191,12612199,12612203,12612217,12612221,12612233,12612239,12612241,12612277,12612289,12612311,12612323,12612329,12612331,12612343,12612359,12612367,12612407,12612433,12612437,12612473,12612491,12612493,12612503,12612527,12612539,12612557,12612559,12612571,12612679,12612703,12612727,12612749,12612757,12612773,12612791,12612797,12612829,12612833,12612851,12612881,12612907,12612913,12612917,12612923,12612931,12612949,12612959,12612973,12613019,12613021,12613037,12613049,12613109,12613123,12613127,12613171,12613193,12613229,12613241,12613243,12613291,12613301,12613313,12613327,12613333,12613351,12613379,12613387,12613409,12613457,12613459,12613477,12613501,12613547,12613553,12613561,12613567,12613571,12613583,12613607,12613613,12613619,12613631,12613639,12613661,12613673,12613687,12613717,12613721,12613823,12613829,12613837,12613871,12613873,12613879,12613883,12613897,12613903,12613933,12613957,12613973,12613981,12613999,12614029,12614033,12614089,12614113,12614207,12614209,12614219,12614263,12614267,12614297,12614311,12614339,12614353,12614359,12614363,12614369,12614401,12614417,12614431,12614453,12614467,12614509,12614519,12614533,12614573,12614599,12614611,12614627,12614633,12614639,12614653,12614671,12614677,12614683,12614687,12614713,12614717,12614729,12614747,12614759,12614801,12614807,12614813,12614821,12614837,12614851,12614863,12614869,12614909,12614929,12614963,12614989,12614999,12615073,12615077,12615079,12615089,12615091,12615101,12615121,12615143,12615149,12615151,12615179,12615181,12615191,12615199,12615257,12615271,12615277,12615287,12615301,12615313,12615329,12615341,12615353,12615367,12615389,12615391,12615401,12615437,12615451,12615457,12615467,12615503,12615509,12615517,12615541,12615571,12615611,12615613,12615623,12615653,12615697,12615721,12615731,12615737,12615761,12615763,12615781,12615803,12615817,12615821,12615833,12615851,12615859,12615871,12615893,12615907,12615913,12615923,12615929,12615931,12615947,12615949,12615991,12615997,12616007,12616027,12616031,12616103,12616117,12616127,12616129,12616141,12616181,12616183,12616199,12616207,12616229,12616231,12616237,12616271,12616273,12616319,12616327,12616339,12616427,12616441,12616453,12616459,12616463,12616469,12616481,12616493,12616511,12616523,12616529,12616543,12616547,12616553,12616559,12616579,12616609,12616621,12616649,12616687,12616697,12616733,12616739,12616757,12616777,12616781,12616787,12616829,12616831,12616841,12616843,12616847,12616861,12616909,12616921,12616927,12616957,12616979,12616993,12616997,12617023,12617029,12617039,12617047,12617051,12617071,12617113,12617123,12617141,12617149,12617153,12617161,12617177,12617201,12617203,12617219,12617221,12617243,12617251,12617257,12617287,12617303,12617309,12617321,12617357,12617359,12617369,12617377,12617401,12617443,12617453,12617461,12617477,12617483,12617491,12617497,12617503,12617509,12617537,12617543,12617557,12617567,12617569,12617597,12617599,12617609,12617659,12617669,12617677,12617687,12617699,12617701,12617707,12617719,12617747,12617749,12617753,12617771,12617779,12617783,12617807,12617819,12617821,12617833,12617849,12617863,12617867,12617879,12617887,12617903,12617921,12617939,12617947,12617953,12617981,12617989,12618017,12618041,12618061,12618083,12618091,12618113,12618127,12618157,12618173,12618211,12618239,12618251,12618253,12618257,12618259,12618317,12618323,12618341,12618343,12618367,12618373,12618377,12618449,12618461,12618469,12618481,12618493,12618497,12618503,12618511,12618547,12618553,12618569,12618577,12618601,12618623,12618629,12618649,12618653,12618667,12618677,12618689,12618721,12618731,12618751,12618757,12618763,12618769,12618773,12618779,12618787,12618803,12618817,12618841,12618863,12618871,12618883,12618899,12618911,12618937,12618943,12618967,12618989,12619007,12619037,12619063,12619067,12619093,12619121,12619127,12619129,12619163,12619177,12619181,12619199,12619213,12619231,12619241,12619261,12619273,12619279,12619283,12619301,12619303,12619307,12619319,12619337,12619351,12619391,12619421,12619427,12619463,12619487,12619489,12619507,12619531,12619543,12619589,12619613,12619643,12619681,12619721,12619757,12619787,12619799,12619807,12619813,12619823,12619877,12619879,12619889,12619897,12619921,12619931,12619963,12619973,12619987,12620011,12620039,12620057,12620063,12620119,12620141,12620143,12620149,12620203,12620207,12620221,12620243,12620263,12620269,12620297,12620323,12620339,12620359,12620383,12620401,12620407,12620417,12620437,12620479,12620483,12620501,12620521,12620527,12620533,12620549,12620561,12620563,12620567,12620593,12620603,12620609,12620611,12620623,12620633,12620653,12620677,12620687,12620701,12620711,12620789,12620827,12620831,12620843,12620891,12620939,12620963,12620977,12620981,12621017,12621041,12621047,12621053,12621067,12621109,12621113,12621121,12621127,12621137,12621143,12621151,12621163,12621197,12621241,12621251,12621269,12621289,12621299,12621307,12621337,12621353,12621373,12621379,12621391,12621419,12621421,12621451,12621487,12621493,12621509,12621523,12621533,12621541,12621547,12621569,12621589,12621607,12621611,12621647,12621649,12621659,12621671,12621703,12621731,12621767,12621781,12621787,12621797,12621799,12621823,12621877,12621887,12621899,12621901,12621911,12621923,12621941,12621949,12621967,12621971,12621977,12621979,12621997,12622013,12622019,12622021,12622033,12622073,12622079,12622111,12622117,12622121,12622123,12622133,12622139,12622153,12622171,12622187,12622189,12622199,12622201,12622223,12622271,12622297,12622333,12622339,12622343,12622369,12622373,12622387,12622417,12622429,12622457,12622459,12622471,12622481,12622499,12622507,12622529,12622537,12622559,12622573,12622579,12622591,12622601,12622609,12622633,12622663,12622667,12622679,12622681,12622739,12622747,12622763,12622777,12622807,12622817,12622829,12622847,12622849,12622853,12622871,12622903,12622933,12622937,12622943,12622949,12622979,12622997,12623003,12623053,12623071,12623077,12623089,12623189,12623287,12623311,12623321,12623329,12623341,12623357,12623383,12623393,12623423,12623431,12623441,12623447,12623453,12623459,12623473,12623491,12623519,12623521,12623557,12623579,12623609,12623621,12623627,12623629,12623641,12623659,12623669,12623713,12623717,12623731,12623749,12623759,12623761,12623797,12623813,12623837,12623839,12623857,12623867,12623869,12623873,12623917,12623921,12623929,12623951,12623953,12623959,12623969,12623977,12623981,12624043,12624049,12624061,12624071,12624089,12624103,12624127,12624137,12624163,12624167,12624169,12624179,12624211,12624221,12624233,12624257,12624277,12624281,12624299,12624301,12624307,12624331,12624371,12624373,12624389,12624419,12624427,12624431,12624461,12624497,12624503,12624509,12624553,12624559,12624571,12624583,12624587,12624589,12624593,12624613,12624617,12624629,12624637,12624641,12624649,12624713,12624737,12624749,12624751,12624791,12624793,12624803,12624817,12624847,12624853,12624883,12624979,12624991,12625027,12625043,12625051,12625073,12625079,12625087,12625097,12625099,12625111,12625133,12625141,12625181,12625189,12625211,12625219,12625241,12625247,12625259,12625297,12625309,12625313,12625331,12625363,12625391,12625429,12625439,12625447,12625453,12625471,12625489,12625493,12625507,12625511,12625523,12625537,12625553,12625559,12625567,12625573,12625583,12625589,12625601,12625609,12625631,12625651,12625661,12625687,12625693,12625729,12625733,12625741,12625757,12625801,12625831,12625853,12625871,12625903,12625931,12625957,12625973,12625979,12625981,12625993,12625999,12626023,12626027,12626069,12626093,12626099,12626101,12626129,12626147,12626171,12626179,12626191,12626227,12626261,12626267,12626293,12626303,12626309,12626311,12626323,12626353,12626357,12626363,12626371,12626377,12626381,12626387,12626417,12626479,12626489,12626501,12626533,12626539,12626543,12626557,12626567,12626599,12626617,12626623,12626651,12626671,12626683,12626689,12626693,12626743,12626759,12626777,12626791,12626797,12626833,12626837,12626843,12626851,12626857,12626863,12626881,12626891,12626909,12626917,12626921,12626923,12626987,12626989,12627011,12627049,12627119,12627133,12627149,12627179,12627203,12627211,12627233,12627247,12627257,12627259,12627269,12627283,12627287,12627301,12627313,12627317,12627331,12627341,12627347,12627361,12627401,12627431,12627449,12627451,12627469,12627493,12627497,12627521,12627539,12627547,12627553,12627569,12627577,12627581,12627607,12627649,12627653,12627661,12627707,12627709,12627721,12627739,12627763,12627779,12627803,12627809,12627871,12627883,12627887,12627907,12627911,12627917,12627919,12627931,12627941,12627961,12627971,12627973,12627983,12628001,12628009,12628013,12628019,12628069,12628117,12628163,12628169,12628171,12628181,12628199,12628207,12628223,12628243,12628277,12628303,12628307,12628321,12628327,12628337,12628339,12628349,12628351,12628379,12628381,12628391,12628393,12628409,12628411,12628423,12628457,12628459,12628463,12628513,12628547,12628549,12628579,12628591,12628607,12628613,12628657,12628669,12628709,12628741,12628747,12628757,12628783,12628801,12628843,12628859,12628879,12628907,12628919,12628921,12628937,12628961,12628969,12628981,12628991,12629003,12629021,12629027,12629033,12629039,12629051,12629069,12629087,12629101,12629119,12629131,12629153,12629171,12629203,12629209,12629213,12629233,12629291,12629293,12629327,12629329,12629333,12629339,12629359,12629377,12629381,12629387,12629411,12629437,12629447,12629479,12629483,12629527,12629537,12629557,12629563,12629569,12629581,12629621,12629627,12629629,12629633,12629647,12629689,12629707,12629711,12629719,12629731,12629753,12629767,12629777,12629789,12629801,12629807,12629821,12629833,12629843,12629857,12629873,12629879,12629891,12629899,12629909,12629941,12629951,12629971,12629983,12630011,12630019,12630029,12630067,12630073,12630077,12630083,12630097,12630127,12630131,12630143,12630161,12630181,12630203,12630217,12630221,12630229,12630251,12630253,12630259,12630301,12630311,12630313,12630367,12630379,12630389,12630391,12630407,12630461,12630463,12630481,12630487,12630509,12630511,12630517,12630521,12630523,12630529,12630539,12630551,12630559,12630577,12630587,12630617,12630619,12630623,12630637,12630641,12630647,12630701,12630713,12630731,12630743,12630767,12630769,12630799,12630809,12630817,12630823,12630851,12630853,12630869,12630913,12630941,12630967,12630977,12630997,12631001,12631019,12631057,12631079,12631111,12631141,12631169,12631183,12631193,12631237,12631261,12631273,12631277,12631279,12631303,12631337,12631351,12631361,12631373,12631387,12631417,12631427,12631429,12631471,12631481,12631511,12631517,12631519,12631529,12631573,12631583,12631589,12631607,12631609,12631621,12631639,12631643,12631667,12631679,12631693,12631699,12631721,12631747,12631753,12631757,12631769,12631777,12631781,12631783,12631831,12631873,12631877,12631889,12631891,12631897,12631919,12631943,12631951,12631961,12631963,12631987,12631999,12632041,12632051,12632057,12632089,12632101,12632117,12632149,12632161,12632177,12632189,12632201,12632219,12632251,12632297,12632299,12632317,12632329,12632341,12632353,12632357,12632401,12632413,12632423,12632437,12632441,12632443,12632467,12632483,12632491,12632537,12632569,12632591,12632597,12632617,12632621,12632623,12632629,12632639,12632657,12632671,12632713,12632759,12632761,12632771,12632791,12632803,12632813,12632821,12632831,12632839,12632857,12632861,12632881,12632897,12632899,12632923,12632933,12632941,12632953,12632999,12633001,12633007,12633011,12633017,12633029,12633059,12633073,12633077,12633097,12633109,12633143,12633149,12633167,12633191,12633211,12633217,12633221,12633223,12633253,12633311,12633323,12633331,12633343,12633353,12633359,12633367,12633373,12633389,12633407,12633409,12633419,12633433,12633437,12633449,12633487,12633503,12633521,12633547,12633559,12633563,12633581,12633623,12633629,12633631,12633637,12633653,12633661,12633667,12633683,12633697,12633707,12633713,12633743,12633767,12633773,12633791,12633799,12633809,12633823,12633827,12633853,12633869,12633899,12633911,12633931,12633949,12633961,12633977,12633979,12633997,12634007,12634067,12634091,12634093,12634099,12634103,12634121,12634129,12634133,12634147,12634151,12634187,12634189,12634207,12634231,12634243,12634249,12634253,12634301,12634313,12634327,12634333,12634339,12634361,12634397,12634403,12634423,12634439,12634463,12634471,12634477,12634481,12634537,12634547,12634571,12634579,12634591,12634597,12634607,12634651,12634693,12634697,12634703,12634711,12634717,12634729,12634777,12634781,12634799,12634861,12634877,12634879,12634901,12634931,12634933,12634967,12634969,12635003,12635009,12635033,12635083,12635111,12635137,12635159,12635219,12635221,12635243,12635251,12635281,12635291,12635297,12635299,12635341,12635353,12635377,12635407,12635411,12635423,12635453,12635459,12635461,12635509,12635531,12635563,12635587,12635599,12635603,12635629,12635633,12635639,12635653,12635669,12635681,12635687,12635699,12635713,12635729,12635761,12635801,12635803,12635839,12635869,12635891,12635897,12635927,12635929,12635933,12635939,12635963,12635977,12635989,12636017,12636031,12636037,12636053,12636059,12636079,12636097,12636103,12636139,12636149,12636163,12636181,12636193,12636209,12636229,12636259,12636263,12636271,12636293,12636329,12636347,12636359,12636383,12636397,12636461,12636473,12636497,12636517,12636521,12636523,12636527,12636529,12636551,12636599,12636607,12636641,12636703,12636707,12636709,12636719,12636727,12636731,12636739,12636769,12636781,12636787,12636791,12636823,12636847,12636853,12636857,12636893,12636931,12636971,12636973,12636983,12636989,12636991,12637003,12637007,12637013,12637043,12637067,12637073,12637081,12637111,12637117,12637123,12637139,12637193,12637201,12637213,12637237,12637253,12637277,12637279,12637297,12637333,12637343,12637363,12637381,12637397,12637403,12637411,12637453,12637481,12637483,12637507,12637517,12637519,12637529,12637589,12637619,12637621,12637631,12637637,12637673,12637693,12637697,12637711,12637721,12637727,12637759,12637763,12637789,12637811,12637819,12637843,12637847,12637871,12637873,12637883,12637901,12637909,12637921,12637949,12637951,12637957,12637967,12637973,12637981,12637991,12637993,12638023,12638027,12638039,12638047,12638057,12638077,12638083,12638099,12638147,12638149,12638167,12638177,12638189,12638207,12638233,12638237,12638239,12638243,12638251,12638261,12638273,12638309,12638333,12638357,12638369,12638377,12638383,12638389,12638399,12638413,12638419,12638453,12638471,12638491,12638501,12638503,12638533,12638543,12638551,12638581,12638621,12638663,12638671,12638683,12638699,12638741,12638761,12638767,12638771,12638777,12638779,12638789,12638797,12638807,12638827,12638839,12638849,12638893,12638897,12638903,12638909,12638953,12638957,12638987,12638993,12639019,12639031,12639071,12639073,12639079,12639083,12639091,12639097,12639127,12639149,12639181,12639203,12639217,12639229,12639239,12639247,12639257,12639269,12639283,12639329,12639353,12639359,12639371,12639379,12639433,12639457,12639461,12639467,12639469,12639479,12639481,12639527,12639547,12639559,12639577,12639637,12639659,12639667,12639701,12639709,12639713,12639791,12639793,12639817,12639827,12639833,12639839,12639881,12639889,12639901,12639919,12639923,12639941,12639943,12639947,12639953,12639961,12639989,12640003,12640009,12640021,12640037,12640091,12640093,12640097,12640099,12640123,12640141,12640171,12640193,12640207,12640211,12640217,12640241,12640247,12640261,12640283,12640291,12640297,12640307,12640351,12640373,12640393,12640399,12640427,12640429,12640451,12640477,12640489,12640499,12640513,12640517,12640531,12640543,12640561,12640601,12640609,12640613,12640619,12640633,12640657,12640687,12640699,12640703,12640709,12640763,12640783,12640807,12640819,12640829,12640841,12640867,12640879,12640889,12640891,12640907,12640919,12640931,12640951,12640967,12640973,12640993,12641003,12641017,12641021,12641051,12641063,12641093,12641119,12641147,12641171,12641177,12641179,12641203,12641249,12641257,12641263,12641297,12641311,12641323,12641341,12641351,12641357,12641371,12641381,12641411,12641429,12641443,12641509,12641533,12641537,12641539,12641549,12641561,12641567,12641609,12641617,12641623,12641639,12641641,12641663,12641677,12641683,12641723,12641737,12641747,12641749,12641771,12641779,12641801,12641807,12641809,12641819,12641833,12641851,12641861,12641869,12641917,12641963,12641969,12641971,12641977,12641983,12641987,12642001,12642031,12642041,12642053,12642059,12642061,12642083,12642109,12642121,12642127,12642131,12642139,12642181,12642191,12642199,12642211,12642263,12642281,12642283,12642293,12642299,12642317,12642319,12642337,12642367,12642379,12642397,12642437,12642457,12642491,12642499,12642503,12642517,12642533,12642541,12642547,12642569,12642587,12642589,12642593,12642613,12642631,12642649,12642659,12642691,12642701,12642703,12642743,12642767,12642787,12642793,12642803,12642827,12642841,12642853,12642857,12642871,12642881,12642901,12642907,12642913,12642919,12642979,12642983,12642997,12643003,12643021,12643049,12643109,12643117,12643177,12643187,12643193,12643201,12643249,12643273,12643283,12643313,12643349,12643361,12643363,12643373,12643387,12643439,12643447,12643453,12643459,12643469,12643487,12643489,12643511,12643513,12643541,12643549,12643571,12643573,12643613,12643619,12643643,12643661,12643669,12643717,12643723,12643781,12643783,12643793,12643811,12643823,12643837,12643843,12643879,12643889,12643901,12643907,12643919,12643927,12643933,12643999,12644017,12644041,12644057,12644059,12644077,12644119,12644129,12644147,12644167,12644183,12644189,12644197,12644201,12644207,12644213,12644237,12644239,12644267,12644293,12644299,12644341,12644353,12644371,12644393,12644459,12644473,12644477,12644483,12644561,12644563,12644579,12644591,12644669,12644701,12644707,12644741,12644759,12644761,12644767,12644789,12644791,12644803,12644809,12644831,12644857,12644867,12644893,12644903,12644909,12644921,12644941,12645011,12645041,12645043,12645047,12645077,12645079,12645091,12645103,12645107,12645163,12645169,12645173,12645197,12645257,12645271,12645277,12645287,12645319,12645337,12645341,12645359,12645371,12645383,12645389,12645401,12645403,12645419,12645439,12645449,12645461,12645487,12645497,12645499,12645509,12645533,12645547,12645623,12645643,12645649,12645667,12645707,12645709,12645713,12645733,12645751,12645757,12645821,12645833,12645859,12645869,12645877,12645889,12645901,12645911,12645931,12645947,12645949,12645953,12645967,12645973,12645979,12645989,12646003,12646019,12646033,12646043,12646057,12646087,12646091,12646097,12646111,12646121,12646141,12646177,12646189,12646217,12646219,12646253,12646261,12646313,12646331,12646363,12646369,12646373,12646391,12646411,12646423,12646427,12646463,12646471,12646483,12646499,12646519,12646537,12646547,12646549,12646559,12646567,12646577,12646583,12646597,12646661,12646679,12646693,12646721,12646727,12646747,12646769,12646771,12646801,12646817,12646831,12646841,12646867,12646877,12646883,12646889,12646891,12646897,12646919,12646927,12646937,12646939,12646961,12646969,12646979,12646981,12647003,12647009,12647023,12647029,12647051,12647071,12647083,12647087,12647093,12647113,12647143,12647149,12647153,12647197,12647213,12647221,12647233,12647237,12647249,12647251,12647279,12647281,12647317,12647351,12647357,12647359,12647363,12647381,12647387,12647399,12647419,12647477,12647489,12647491,12647513,12647527,12647561,12647563,12647581,12647587,12647611,12647617,12647627,12647647,12647651,12647671,12647681,12647693,12647707,12647717,12647729,12647753,12647777,12647819,12647827,12647837,12647849,12647897,12647903,12647909,12647959,12647989,12648001,12648019,12648037,12648047,12648061,12648067,12648073,12648107,12648113,12648127,12648151,12648157,12648169,12648173,12648239,12648247,12648257,12648269,12648271,12648283,12648299,12648329,12648347,12648373,12648401,12648409,12648421,12648431,12648439,12648451,12648473,12648511,12648521,12648523,12648529,12648539,12648569,12648613,12648631,12648659,12648673,12648679,12648683,12648719,12648733,12648739,12648749,12648761,12648763,12648767,12648773,12648793,12648809,12648829,12648841,12648859,12648877,12648887,12648893,12648917,12648943,12648949,12648973,12648983,12648989,12649001,12649031,12649051,12649061,12649067,12649111,12649127,12649141,12649171,12649177,12649183,12649199,12649201,12649213,12649223,12649237,12649253,12649261,12649277,12649291,12649297,12649313,12649319,12649349,12649391,12649409,12649447,12649453,12649487,12649493,12649499,12649529,12649531,12649537,12649561,12649577,12649583,12649589,12649591,12649601,12649613,12649619,12649639,12649699,12649709,12649727,12649729,12649733,12649757,12649789,12649807,12649823,12649841,12649873,12649907,12649913,12649919,12649937,12649943,12649957,12649963,12649979,12649993,12650021,12650051,12650063,12650081,12650087,12650101,12650111,12650117,12650147,12650153,12650167,12650171,12650179,12650221,12650233,12650273,12650317,12650321,12650353,12650359,12650369,12650413,12650419,12650423,12650459,12650479,12650497,12650501,12650513,12650537,12650543,12650581,12650587,12650609,12650639,12650657,12650711,12650723,12650747,12650753,12650761,12650767,12650773,12650783,12650797,12650809,12650881,12650893,12650899,12650921,12650923,12650951,12650969,12650977,12650983,12650999,12651019,12651049,12651053,12651059,12651091,12651097,12651101,12651103,12651161,12651187,12651203,12651227,12651251,12651253,12651257,12651293,12651313,12651323,12651371,12651377,12651389,12651407,12651427,12651433,12651437,12651467,12651469,12651481,12651487,12651491,12651517,12651523,12651533,12651559,12651581,12651619,12651623,12651629,12651631,12651643,12651659,12651697,12651713,12651731,12651733,12651763,12651767,12651781,12651797,12651803,12651809,12651833,12651839,12651841,12651857,12651871,12651887,12651889,12651907,12651923,12651941,12651953,12651971,12651983,12651997,12652007,12652027,12652049,12652069,12652099,12652103,12652109,12652147,12652153,12652163,12652217,12652219,12652229,12652253,12652279,12652303,12652307,12652331,12652333,12652337,12652397,12652427,12652457,12652459,12652463,12652489,12652511,12652517,12652567,12652571,12652597,12652649,12652663,12652669,12652687,12652711,12652721,12652751,12652799,12652807,12652813,12652817,12652831,12652837,12652847,12652859,12652873,12652891,12652907,12652957,12652987,12652999,12653009,12653021,12653023,12653029,12653057,12653063,12653093,12653099,12653111,12653119,12653129,12653131,12653141,12653153,12653189,12653191,12653203,12653227,12653257,12653281,12653299,12653323,12653341,12653357,12653429,12653441,12653467,12653471,12653477,12653479,12653497,12653503,12653513,12653533,12653539,12653551,12653579,12653603,12653609,12653617,12653621,12653623,12653629,12653633,12653699,12653717,12653723,12653737,12653759,12653761,12653777,12653801,12653819,12653827,12653863,12653903,12653917,12653923,12653939,12653957,12653999,12654007,12654011,12654067,12654077,12654101,12654119,12654127,12654149,12654157,12654221,12654241,12654251,12654269,12654289,12654337,12654349,12654359,12654371,12654413,12654449,12654503,12654517,12654539,12654557,12654563,12654571,12654583,12654601,12654611,12654617,12654619,12654641,12654659,12654679,12654713,12654721,12654737,12654751,12654767,12654781,12654793,12654809,12654833,12654841,12654881,12654923,12654947,12654949,12654959,12654979,12655001,12655003,12655033,12655039,12655051,12655063,12655103,12655117,12655127,12655141,12655171,12655193,12655219,12655231,12655241,12655249,12655277,12655303,12655333,12655367,12655381,12655399,12655411,12655417,12655421,12655439,12655457,12655481,12655547,12655553,12655561,12655567,12655579,12655607,12655619,12655637,12655651,12655693,12655703,12655733,12655751,12655759,12655771,12655777,12655789,12655801,12655807,12655829,12655849,12655859,12655873,12655897,12655901,12655933,12655943,12655949,12655969,12655997,12655999,12656011,12656023,12656047,12656051,12656053,12656069,12656081,12656087,12656101,12656107,12656123,12656129,12656159,12656179,12656213,12656221,12656227,12656239,12656243,12656251,12656291,12656297,12656309,12656311,12656321,12656323,12656333,12656351,12656363,12656377,12656387,12656419,12656431,12656437,12656443,12656467,12656477,12656519,12656533,12656543,12656549,12656561,12656563,12656569,12656573,12656591,12656593,12656629,12656639,12656671,12656681,12656713,12656737,12656783,12656797,12656801,12656807,12656821,12656837,12656843,12656867,12656873,12656881,12656887,12656899,12656927,12656933,12656939,12657011,12657013,12657041,12657049,12657077,12657091,12657119,12657121,12657131,12657167,12657181,12657187,12657191,12657209,12657217,12657221,12657223,12657247,12657283,12657289,12657319,12657341,12657343,12657353,12657377,12657409,12657419,12657443,12657457,12657461,12657467,12657473,12657499,12657527,12657539,12657559,12657563,12657569,12657577,12657581,12657599,12657607,12657611,12657637,12657691,12657721,12657727,12657731,12657739,12657763,12657791,12657803,12657817,12657851,12657859,12657863,12657871,12657901,12657907,12657913,12657943,12657947,12657961,12657973,12657977,12657991,12658031,12658067,12658097,12658103,12658111,12658117,12658153,12658159,12658187,12658193,12658223,12658231,12658241,12658259,12658267,12658271,12658277,12658301,12658309,12658357,12658363,12658379,12658397,12658411,12658483,12658493,12658507,12658517,12658553,12658567,12658577,12658601,12658609,12658619,12658621,12658631,12658637,12658643,12658649,12658669,12658673,12658687,12658691,12658721,12658729,12658733,12658777,12658799,12658801,12658837,12658853,12658861,12658879,12658949,12658951,12658957,12658967,12658991,12659011,12659021,12659029,12659057,12659081,12659117,12659137,12659159,12659161,12659173,12659219,12659261,12659279,12659281,12659293,12659303,12659323,12659327,12659333,12659351,12659389,12659393,12659401,12659411,12659429,12659459,12659467,12659473,12659519,12659531,12659539,12659557,12659561,12659593,12659597,12659599,12659609,12659617,12659623,12659629,12659657,12659677,12659701,12659723,12659767,12659771,12659791,12659813,12659819,12659827,12659837,12659861,12659869,12659887,12659897,12659953,12659963,12660013,12660091,12660101,12660107,12660113,12660139,12660157,12660169,12660173,12660191,12660203,12660217,12660227,12660229,12660283,12660287,12660299,12660301,12660331,12660337,12660341,12660353,12660377,12660409,12660413,12660421,12660457,12660467,12660523,12660541,12660551,12660553,12660569,12660589,12660629,12660643,12660647,12660667,12660671,12660721,12660743,12660749,12660763,12660779,12660793,12660797,12660811,12660827,12660829,12660847,12660881,12660889,12660911,12660917,12660929,12660941,12660953,12660959,12660961,12660979,12660983,12660997,12661021,12661027,12661031,12661037,12661043,12661091,12661097,12661123,12661147,12661153,12661157,12661171,12661177,12661183,12661211,12661213,12661241,12661261,12661273,12661301,12661303,12661321,12661357,12661373,12661381,12661399,12661433,12661469,12661483,12661499,12661589,12661591,12661613,12661633,12661637,12661667,12661669,12661679,12661699,12661721,12661723,12661739,12661741,12661769,12661783,12661801,12661819,12661837,12661841,12661843,12661849,12661853,12661877,12661879,12661903,12661949,12661973,12661997,12662017,12662021,12662033,12662047,12662057,12662063,12662087,12662123,12662131,12662149,12662173,12662179,12662191,12662201,12662233,12662239,12662257,12662267,12662311,12662333,12662347,12662359,12662371,12662401,12662413,12662423,12662431,12662449,12662453,12662491,12662509,12662527,12662543,12662549,12662567,12662623,12662641,12662651,12662659,12662681,12662687,12662711,12662723,12662731,12662737,12662747,12662753,12662791,12662801,12662803,12662827,12662833,12662861,12662869,12662887,12662899,12662939,12662953,12662959,12662971,12662999,12663019,12663023,12663029,12663073,12663089,12663107,12663121,12663127,12663143,12663191,12663193,12663197,12663223,12663239,12663241,12663247,12663251,12663263,12663269,12663281,12663311,12663319,12663331,12663341,12663349,12663359,12663373,12663389,12663397,12663403,12663433,12663439,12663451,12663467,12663473,12663479,12663493,12663569,12663577,12663601,12663619,12663653,12663689,12663697,12663733,12663743,12663769,12663787,12663803,12663809,12663817,12663829,12663877,12663881,12663883,12663913,12663919,12663943,12663949,12663971,12663977,12663983,12663991,12664019,12664021,12664033,12664037,12664049,12664061,12664063,12664079,12664109,12664117,12664129,12664147,12664153,12664181,12664187,12664193,12664207,12664217,12664247,12664261,12664277,12664307,12664319,12664343,12664357,12664361,12664369,12664373,12664423,12664447,12664481,12664499,12664501,12664511,12664517,12664529,12664537,12664543,12664549,12664579,12664607,12664669,12664681,12664699,12664723,12664733,12664741,12664781,12664807,12664829,12664871,12664877,12664889,12664903,12664907,12664913,12664921,12664931,12664961,12664979,12664987,12664991,12664997,12665041,12665069,12665071,12665087,12665123,12665131,12665167,12665173,12665183,12665197,12665207,12665243,12665293,12665297,12665309,12665311,12665363,12665377,12665383,12665407,12665413,12665423,12665441,12665449,12665461,12665467,12665509,12665531,12665557,12665563,12665593,12665641,12665651,12665657,12665659,12665669,12665671,12665677,12665687,12665689,12665713,12665743,12665771,12665777,12665791,12665827,12665839,12665869,12665927,12665929,12665941,12665957,12665959,12665987,12666019,12666029,12666047,12666067,12666079,12666083,12666131,12666133,12666167,12666191,12666211,12666239,12666263,12666281,12666299,12666347,12666361,12666371,12666389,12666413,12666421,12666427,12666431,12666439,12666461,12666503,12666517,12666529,12666539,12666557,12666571,12666587,12666593,12666601,12666607,12666671,12666679,12666697,12666701,12666727,12666763,12666779,12666803,12666809,12666821,12666847,12666851,12666877,12666911,12666919,12666943,12666967,12667001,12667013,12667019,12667021,12667027,12667037,12667051,12667063,12667093,12667121,12667141,12667147,12667153,12667163,12667177,12667183,12667223,12667253,12667267,12667271,12667301,12667331,12667337,12667339,12667349,12667351,12667373,12667379,12667381,12667387,12667427,12667439,12667441,12667463,12667481,12667507,12667513,12667531,12667537,12667553,12667559,12667573,12667591,12667597,12667619,12667621,12667631,12667643,12667649,12667667,12667777,12667783,12667789,12667817,12667829,12667841,12667847,12667849,12667861,12667877,12667883,12667937,12667939,12667943,12667951,12667969,12667987,12667997,12667999,12668021,12668039,12668059,12668081,12668087,12668137,12668153,12668191,12668209,12668237,12668261,12668263,12668267,12668287,12668353,12668387,12668399,12668413,12668449,12668477,12668483,12668489,12668507,12668533,12668567,12668569,12668603,12668609,12668627,12668641,12668659,12668717,12668729,12668731,12668753,12668767,12668771,12668779,12668783,12668797,12668807,12668809,12668819,12668827,12668857,12668881,12668891,12668899,12668917,12668921,12668933,12668939,12668941,12668947,12668951,12668977,12668983,12668989,12669017,12669043,12669053,12669079,12669089,12669091,12669127,12669161,12669187,12669191,12669193,12669197,12669211,12669229,12669263,12669289,12669313,12669323,12669331,12669337,12669347,12669361,12669373,12669383,12669407,12669413,12669427,12669431,12669439,12669463,12669473,12669487,12669493,12669497,12669509,12669511,12669529,12669557,12669571,12669617,12669653,12669659,12669667,12669677,12669689,12669707,12669791,12669817,12669823,12669847,12669851,12669857,12669859,12669863,12669869,12669893,12669929,12669949,12669961,12669967,12669971,12669973,12669983,12669991,12669997,12670003,12670027,12670037,12670039,12670061,12670069,12670081,12670087,12670111,12670139,12670183,12670211,12670223,12670247,12670261,12670277,12670291,12670297,12670313,12670319,12670327,12670369,12670373,12670381,12670403,12670417,12670421,12670429,12670433,12670453,12670481,12670499,12670507,12670519,12670547,12670583,12670597,12670607,12670621,12670639,12670649,12670667,12670673,12670699,12670703,12670711,12670717,12670733,12670741,12670771,12670783,12670787,12670793,12670849,12670877,12670901,12670919,12670951,12670961,12670963,12670997,12671003,12671023,12671027,12671041,12671089,12671093,12671123,12671161,12671177,12671201,12671221,12671249,12671287,12671291,12671297,12671303,12671317,12671327,12671333,12671339,12671377,12671381,12671383,12671387,12671389,12671431,12671437,12671473,12671479,12671531,12671543,12671557,12671563,12671573,12671587,12671599,12671609,12671621,12671639,12671669,12671677,12671683,12671719,12671741,12671759,12671779,12671819,12671849,12671861,12671863,12671881,12671887,12671921,12671951,12671959,12671969,12672007,12672029,12672053,12672061,12672067,12672073,12672083,12672097,12672113,12672119,12672131,12672133,12672137,12672139,12672161,12672169,12672181,12672223,12672251,12672263,12672269,12672299,12672343,12672377,12672383,12672409,12672427,12672467,12672479,12672481,12672493,12672509,12672529,12672533,12672553,12672557,12672559,12672587,12672589,12672593,12672607,12672617,12672619,12672641,12672643,12672661,12672679,12672691,12672697,12672713,12672721,12672733,12672749,12672767,12672817,12672823,12672851,12672853,12672857,12672889,12672899,12672929,12672941,12672967,12672991,12673039,12673049,12673051,12673081,12673091,12673093,12673099,12673121,12673123,12673139,12673151,12673163,12673189,12673249,12673291,12673357,12673369,12673373,12673393,12673403,12673447,12673471,12673489,12673501,12673523,12673537,12673567,12673579,12673607,12673649,12673651,12673657,12673663,12673669,12673679,12673681,12673697,12673709,12673751,12673753,12673763,12673769,12673781,12673799,12673811,12673831,12673847,12673873,12673901,12673907,12673919,12673933,12673939,12673951,12673987,12674003,12674021,12674023,12674029,12674059,12674069,12674087,12674099,12674107,12674113,12674143,12674171,12674191,12674209,12674227,12674237,12674243,12674267,12674269,12674279,12674287,12674297,12674317,12674327,12674339,12674341,12674359,12674377,12674383,12674413,12674429,12674447,12674477,12674483,12674491,12674507,12674521,12674527,12674531,12674533,12674549,12674561,12674593,12674647,12674657,12674659,12674663,12674671,12674687,12674719,12674731,12674749,12674777,12674803,12674807,12674813,12674833,12674867,12674873,12674891,12674903,12674923,12674927,12674933,12674953,12674969,12674971,12674989,12675017,12675037,12675083,12675107,12675121,12675137,12675161,12675181,12675199,12675203,12675211,12675227,12675241,12675253,12675259,12675269,12675293,12675307,12675317,12675329,12675343,12675359,12675361,12675367,12675391,12675401,12675431,12675449,12675457,12675479,12675493,12675499,12675503,12675547,12675569,12675577,12675587,12675589,12675623,12675667,12675671,12675713,12675749,12675757,12675763,12675791,12675799,12675823,12675833,12675893,12675913,12675917,12675959,12675979,12675991,12676019,12676031,12676039,12676043,12676051,12676061,12676073,12676109,12676121,12676133,12676189,12676193,12676201,12676217,12676259,12676267,12676273,12676283,12676291,12676297,12676309,12676319,12676331,12676369,12676379,12676387,12676423,12676429,12676457,12676481,12676493,12676549,12676571,12676579,12676589,12676597,12676603,12676619,12676621,12676627,12676633,12676663,12676687,12676691,12676693,12676711,12676717,12676721,12676733,12676757,12676777,12676789,12676801,12676823,12676843,12676847,12676879,12676889,12676891,12676901,12676907,12676919,12676927,12676943,12676949,12676957,12676967,12676991,12677011,12677023,12677029,12677033,12677099,12677101,12677111,12677141,12677149,12677173,12677179,12677191,12677201,12677207,12677213,12677219,12677261,12677299,12677309,12677333,12677339,12677341,12677363,12677369,12677377,12677381,12677383,12677407,12677411,12677417,12677429,12677443,12677449,12677477,12677491,12677519,12677527,12677537,12677557,12677627,12677633,12677641,12677657,12677659,12677671,12677677,12677711,12677713,12677719,12677741,12677771,12677789,12677851,12677857,12677867,12677887,12677893,12677909,12677911,12677923,12677927,12677933,12677947,12677953,12677957,12677989,12677993,12678019,12678023,12678041,12678047,12678053,12678059,12678079,12678089,12678103,12678119,12678121,12678131,12678137,12678151,12678173,12678181,12678199,12678223,12678241,12678251,12678269,12678271,12678299,12678353,12678361,12678371,12678427,12678431,12678433,12678437,12678443,12678461,12678467,12678469,12678493,12678509,12678517,12678527,12678557,12678563,12678571,12678577,12678619,12678623,12678637,12678649,12678661,12678671,12678689,12678707,12678709,12678739,12678761,12678781,12678817,12678823,12678839,12678847,12678863,12678893,12678899,12678929,12678931,12678959,12678971,12678973,12678979,12678983,12679019,12679039,12679057,12679063,12679081,12679087,12679129,12679157,12679171,12679181,12679193,12679223,12679241,12679253,12679267,12679273,12679283,12679307,12679309,12679313,12679339,12679361,12679363,12679369,12679379,12679397,12679411,12679423,12679427,12679451,12679481,12679507,12679523,12679529,12679531,12679543,12679571,12679573,12679633,12679663,12679673,12679687,12679691,12679729,12679747,12679753,12679759,12679769,12679811,12679813,12679829,12679847,12679871,12679903,12679913,12679939,12679949,12679957,12679987,12679991,12680039,12680051,12680071,12680077,12680117,12680137,12680149,12680179,12680183,12680191,12680207,12680243,12680251,12680257,12680263,12680267,12680273,12680281,12680287,12680323,12680329,12680341,12680359,12680363,12680377,12680401,12680411,12680413,12680431,12680441,12680443,12680461,12680489,12680509,12680513,12680533,12680537,12680557,12680561,12680573,12680579,12680587,12680593,12680597,12680609,12680641,12680653,12680663,12680683,12680699,12680711,12680719,12680737,12680749,12680753,12680761,12680779,12680803,12680807,12680821,12680839,12680851,12680867,12680873,12680893,12680909,12680933,12680959,12680971,12680977,12681007,12681017,12681043,12681059,12681079,12681089,12681103,12681127,12681187,12681203,12681209,12681217,12681223,12681233,12681247,12681289,12681299,12681307,12681329,12681353,12681367,12681373,12681377,12681391,12681397,12681407,12681421,12681437,12681443,12681457,12681499,12681503,12681509,12681527,12681577,12681589,12681593,12681601,12681619,12681623,12681629,12681631,12681703,12681707,12681709,12681727,12681743,12681769,12681793,12681817,12681829,12681853,12681859,12681871,12681931,12681937,12681959,12682001,12682003,12682013,12682027,12682067,12682073,12682097,12682129,12682169,12682171,12682181,12682183,12682199,12682213,12682237,12682247,12682261,12682273,12682283,12682301,12682337,12682343,12682381,12682387,12682399,12682403,12682421,12682429,12682451,12682487,12682507,12682511,12682513,12682547,12682597,12682613,12682619,12682639,12682643,12682651,12682667,12682669,12682673,12682723,12682727,12682757,12682763,12682793,12682811,12682829,12682843,12682849,12682877,12682883,12682907,12682919,12682933,12682949,12682951,12682963,12682987,12682991,12683023,12683113,12683129,12683137,12683183,12683221,12683243,12683249,12683261,12683263,12683269,12683287,12683291,12683299,12683311,12683329,12683339,12683347,12683357,12683383,12683389,12683399,12683401,12683413,12683417,12683423,12683443,12683453,12683471,12683501,12683521,12683537,12683543,12683591,12683599,12683609,12683641,12683647,12683651,12683689,12683779,12683789,12683807,12683831,12683851,12683857,12683861,12683863,12683893,12683897,12683903,12683917,12683927,12683939,12683941,12683947,12683953,12683981,12683987,12683999,12684019,12684029,12684037,12684041,12684043,12684073,12684083,12684103,12684127,12684163,12684179,12684181,12684197,12684209,12684241,12684253,12684277,12684283,12684289,12684307,12684323,12684359,12684361,12684367,12684389,12684403,12684409,12684421,12684449,12684467,12684473,12684481,12684491,12684493,12684517,12684541,12684557,12684559,12684563,12684583,12684643,12684653,12684667,12684671,12684677,12684701,12684713,12684731,12684773,12684781,12684829,12684869,12684911,12684923,12684929,12684943,12684961,12684979,12685007,12685019,12685033,12685037,12685051,12685061,12685063,12685069,12685087,12685097,12685163,12685181,12685187,12685199,12685201,12685207,12685223,12685229,12685249,12685261,12685273,12685291,12685303,12685313,12685319,12685333,12685363,12685367,12685381,12685399,12685411,12685427,12685433,12685447,12685457,12685459,12685481,12685501,12685511,12685513,12685537,12685567,12685573,12685591,12685609,12685619,12685633,12685639,12685643,12685663,12685667,12685669,12685681,12685733,12685759,12685763,12685837,12685861,12685873,12685889,12685891,12685919,12685943,12685991,12686017,12686039,12686059,12686081,12686111,12686117,12686119,12686147,12686173,12686189,12686197,12686207,12686213,12686251,12686269,12686299,12686321,12686329,12686341,12686389,12686393,12686417,12686423,12686431,12686441,12686447,12686477,12686483,12686491,12686503,12686521,12686549,12686551,12686561,12686579,12686581,12686587,12686599,12686627,12686629,12686647,12686747,12686749,12686759,12686783,12686801,12686809,12686827,12686867,12686881,12686887,12686897,12686909,12686911,12686923,12686939,12686951,12686953,12686969,12686977,12686987,12687001,12687011,12687019,12687047,12687067,12687089,12687109,12687113,12687119,12687149,12687179,12687209,12687211,12687223,12687331,12687343,12687349,12687359,12687373,12687377,12687379,12687439,12687449,12687469,12687523,12687533,12687541,12687551,12687583,12687599,12687601,12687607,12687613,12687659,12687671,12687673,12687679,12687683,12687733,12687749,12687767,12687803,12687821,12687823,12687841,12687847,12687853,12687863,12687869,12687887,12687889,12687943,12687947,12687971,12687977,12687989,12688033,12688037,12688079,12688087,12688097,12688099,12688129,12688133,12688141,12688163,12688177,12688187,12688201,12688213,12688217,12688237,12688241,12688243,12688297,12688303,12688343,12688367,12688369,12688391,12688411,12688441,12688451,12688453,12688471,12688513,12688531,12688547,12688553,12688567,12688589,12688597,12688607,12688609,12688649,12688679,12688693,12688699,12688727,12688729,12688733,12688757,12688763,12688771,12688811,12688813,12688829,12688859,12688867,12688873,12688877,12688909,12688927,12688931,12688937,12688943,12688969,12688981,12688993,12689003,12689029,12689051,12689057,12689069,12689081,12689099,12689129,12689143,12689147,12689167,12689219,12689233,12689263,12689267,12689273,12689279,12689297,12689309,12689317,12689357,12689363,12689381,12689393,12689401,12689423,12689477,12689507,12689581,12689597,12689603,12689609,12689627,12689639,12689641,12689653,12689657,12689669,12689681,12689683,12689689,12689693,12689711,12689731,12689771,12689783,12689797,12689821,12689857,12689863,12689893,12689923,12689969,12689977,12689983,12689987,12689993,12690011,12690017,12690019,12690037,12690049,12690053,12690059,12690061,12690071,12690077,12690103,12690113,12690121,12690151,12690179,12690199,12690259,12690263,12690277,12690281,12690299,12690331,12690343,12690389,12690401,12690427,12690437,12690463,12690473,12690511,12690523,12690533,12690553,12690571,12690577,12690581,12690589,12690637,12690649,12690673,12690679,12690683,12690697,12690731,12690739,12690757,12690763,12690767,12690773,12690787,12690791,12690817,12690829,12690833,12690851,12690859,12690883,12690901,12690907,12690913,12690919,12690929,12690941,12690943,12690961,12690971,12690973,12690991,12691001,12691033,12691043,12691057,12691079,12691087,12691093,12691103,12691109,12691169,12691171,12691187,12691199,12691213,12691219,12691223,12691243,12691247,12691291,12691337,12691361,12691379,12691381,12691387,12691391,12691397,12691403,12691417,12691451,12691501,12691519,12691529,12691541,12691583,12691621,12691631,12691649,12691691,12691697,12691711,12691717,12691733,12691769,12691781,12691793,12691807,12691813,12691823,12691831,12691849,12691871,12691891,12691907,12691909,12691933,12691957,12691997,12692027,12692039,12692059,12692089,12692101,12692123,12692129,12692131,12692137,12692143,12692153,12692161,12692179,12692203,12692213,12692231,12692243,12692249,12692293,12692311,12692333,12692341,12692347,12692357,12692371,12692429,12692473,12692479,12692483,12692503,12692509,12692521,12692531,12692539,12692543,12692549,12692597,12692621,12692623,12692629,12692663,12692677,12692689,12692699,12692707,12692717,12692731,12692753,12692777,12692789,12692809,12692831,12692839,12692861,12692873,12692879,12692881,12692921,12692929,12692957,12692959,12692993,12693001,12693013,12693017,12693019,12693029,12693047,12693059,12693077,12693103,12693113,12693133,12693139,12693143,12693151,12693157,12693173,12693179,12693181,12693193,12693209,12693221,12693223,12693251,12693253,12693277,12693367,12693379,12693413,12693449,12693467,12693469,12693491,12693497,12693533,12693547,12693589,12693599,12693647,12693649,12693671,12693689,12693697,12693727,12693743,12693749,12693761,12693763,12693773,12693797,12693817,12693839,12693859,12693869,12693893,12693899,12693913,12693929,12693931,12693943,12693959,12693991,12694013,12694037,12694049,12694057,12694063,12694111,12694169,12694207,12694217,12694247,12694259,12694271,12694327,12694343,12694349,12694369,12694391,12694397,12694411,12694421,12694439,12694447,12694463,12694471,12694511,12694523,12694541,12694571,12694573,12694609,12694621,12694637,12694639,12694667,12694687,12694697,12694711,12694727,12694739,12694753,12694763,12694777,12694783,12694813,12694823,12694849,12694867,12694879,12694883,12694889,12694901,12694987,12694991,12694999,12695017,12695041,12695077,12695113,12695119,12695131,12695147,12695153,12695183,12695201,12695203,12695219,12695231,12695233,12695239,12695261,12695269,12695321,12695327,12695351,12695369,12695377,12695387,12695393,12695407,12695411,12695467,12695483,12695489,12695497,12695509,12695513,12695539,12695569,12695587,12695611,12695623,12695633,12695671,12695681,12695693,12695713,12695717,12695729,12695737,12695759,12695777,12695783,12695789,12695791,12695803,12695849,12695863,12695867,12695873,12695887,12695899,12695909,12695911,12695959,12695999,12696017,12696029,12696037,12696041,12696043,12696049,12696053,12696071,12696077,12696107,12696109,12696133,12696139,12696163,12696179,12696191,12696193,12696197,12696209,12696221,12696227,12696239,12696283,12696289,12696301,12696311,12696323,12696349,12696353,12696361,12696367,12696371,12696377,12696413,12696443,12696449,12696451,12696469,12696487,12696491,12696493,12696517,12696527,12696539,12696553,12696557,12696589,12696611,12696631,12696641,12696659,12696679,12696683,12696689,12696709,12696781,12696857,12696877,12696881,12696889,12696899,12696917,12696919,12696923,12696947,12696973,12696991,12697021,12697037,12697039,12697043,12697049,12697063,12697121,12697123,12697129,12697133,12697141,12697151,12697171,12697189,12697193,12697207,12697261,12697303,12697309,12697313,12697343,12697367,12697393,12697409,12697441,12697459,12697463,12697469,12697501,12697523,12697543,12697579,12697609,12697627,12697651,12697669,12697673,12697703,12697717,12697721,12697733,12697739,12697753,12697777,12697787,12697799,12697807,12697829,12697837,12697847,12697859,12697901,12697913,12697931,12697933,12697967,12697973,12697981,12697999,12698009,12698017,12698033,12698051,12698057,12698089,12698107,12698117,12698123,12698129,12698159,12698171,12698207,12698219,12698239,12698243,12698249,12698261,12698263,12698281,12698291,12698293,12698297,12698299,12698311,12698321,12698339,12698347,12698351,12698353,12698359,12698377,12698383,12698401,12698447,12698449,12698453,12698503,12698527,12698533,12698551,12698573,12698579,12698617,12698657,12698663,12698681,12698687,12698689,12698731,12698743,12698753,12698759,12698761,12698771,12698801,12698849,12698863,12698869,12698887,12698909,12698911,12698951,12698957,12698969,12698981,12698993,12698999,12699023,12699073,12699077,12699079,12699091,12699097,12699107,12699133,12699139,12699157,12699209,12699223,12699227,12699229,12699283,12699307,12699311,12699341,12699343,12699347,12699359,12699371,12699373,12699389,12699397,12699403,12699409,12699413,12699431,12699433,12699439,12699443,12699461,12699469,12699497,12699517,12699539,12699551,12699559,12699563,12699569,12699571,12699587,12699601,12699607,12699613,12699637,12699641,12699667,12699671,12699679,12699689,12699707,12699719,12699721,12699751,12699779,12699787,12699811,12699821,12699829,12699839,12699851,12699857,12699877,12699899,12699931,12699949,12699959,12699989,12699997,12700001,12700021,12700027,12700031,12700063,12700067,12700069,12700081,12700087,12700091,12700097,12700109,12700123,12700141,12700153,12700159,12700223,12700249,12700271,12700273,12700327,12700333,12700397,12700451,12700469,12700477,12700489,12700507,12700511,12700537,12700559,12700561,12700573,12700591,12700643,12700661,12700687,12700703,12700711,12700729,12700739,12700741,12700799,12700817,12700823,12700837,12700901,12700903,12700913,12700937,12700943,12700967,12700969,12700981,12700997,12701009,12701069,12701089,12701093,12701099,12701111,12701113,12701131,12701153,12701167,12701191,12701203,12701209,12701251,12701263,12701287,12701317,12701321,12701341,12701347,12701357,12701369,12701371,12701387,12701441,12701453,12701473,12701477,12701509,12701527,12701531,12701569,12701581,12701593,12701617,12701627,12701639,12701653,12701683,12701701,12701707,12701719,12701729,12701783,12701791,12701827,12701831,12701849,12701869,12701903,12701917,12701921,12701929,12701939,12701947,12701951,12701963,12701981,12701993,12702031,12702059,12702083,12702103,12702119,12702121,12702143,12702161,12702167,12702181,12702191,12702197,12702199,12702223,12702227,12702289,12702293,12702299,12702307,12702311,12702323,12702337,12702353,12702367,12702373,12702407,12702409,12702419,12702439,12702491,12702517,12702577,12702589,12702593,12702607,12702619,12702623,12702631,12702649,12702691,12702721,12702763,12702769,12702779,12702797,12702799,12702817,12702827,12702847,12702853,12702857,12702883,12702913,12702919,12702929,12702941,12702959,12702973,12702979,12703003,12703007,12703013,12703049,12703057,12703069,12703081,12703091,12703127,12703157,12703169,12703181,12703183,12703193,12703259,12703277,12703283,12703303,12703307,12703357,12703367,12703501,12703507,12703511,12703529,12703541,12703549,12703553,12703577,12703589,12703597,12703631,12703633,12703637,12703651,12703681,12703693,12703697,12703699,12703739,12703741,12703763,12703793,12703807,12703813,12703849,12703861,12703871,12703883,12703907,12703927,12703997,12704009,12704023,12704089,12704093,12704113,12704129,12704161,12704171,12704177,12704189,12704201,12704213,12704231,12704239,12704261,12704267,12704269,12704273,12704297,12704299,12704309,12704317,12704323,12704347,12704353,12704371,12704387,12704399,12704401,12704413,12704453,12704467,12704507,12704537,12704551,12704567,12704591,12704599,12704603,12704609,12704621,12704633,12704641,12704663,12704693,12704723,12704743,12704759,12704777,12704779,12704803,12704807,12704819,12704821,12704827,12704837,12704843,12704849,12704851,12704903,12704917,12704921,12704927,12704941,12704959,12704971,12704981,12704999,12705031,12705041,12705061,12705067,12705101,12705109,12705113,12705127,12705163,12705179,12705197,12705211,12705229,12705271,12705289,12705311,12705313,12705317,12705323,12705349,12705377,12705397,12705401,12705403,12705419,12705437,12705481,12705493,12705503,12705523,12705569,12705571,12705587,12705617,12705619,12705631,12705643,12705659,12705697,12705703,12705731,12705757,12705767,12705773,12705811,12705829,12705841,12705863,12705883,12705923,12705983,12705991,12705997,12706007,12706009,12706033,12706049,12706069,12706073,12706093,12706139,12706151,12706153,12706159,12706171,12706217,12706219,12706237,12706241,12706247,12706261,12706271,12706277,12706279,12706289,12706313,12706333,12706363,12706367,12706391,12706399,12706409,12706451,12706469,12706471,12706489,12706493,12706501,12706513,12706517,12706567,12706579,12706583,12706601,12706609,12706627,12706637,12706691,12706693,12706703,12706711,12706717,12706721,12706723,12706777,12706781,12706783,12706817,12706819,12706829,12706831,12706847,12706937,12706949,12706951,12706957,12706961,12706979,12706987,12706997,12707003,12707011,12707047,12707069,12707077,12707081,12707099,12707119,12707129,12707147,12707237,12707269,12707273,12707281,12707297,12707309,12707311,12707323,12707341,12707351,12707353,12707363,12707399,12707411,12707413,12707501,12707507,12707521,12707567,12707603,12707623,12707633,12707659,12707683,12707693,12707729,12707749,12707777,12707801,12707837,12707843,12707899,12707927,12707953,12707971,12707999,12708011,12708013,12708023,12708041,12708071,12708079,12708107,12708127,12708139,12708149,12708161,12708173,12708209,12708211,12708217,12708229,12708239,12708253,12708271,12708277,12708281,12708301,12708317,12708329,12708331,12708337,12708373,12708389,12708391,12708403,12708413,12708433,12708457,12708491,12708517,12708523,12708529,12708551,12708569,12708589,12708593,12708617,12708623,12708629,12708671,12708677,12708691,12708697,12708721,12708733,12708743,12708749,12708767,12708781,12708793,12708799,12708803,12708823,12708869,12708881,12708889,12708919,12708937,12708961,12708973,12709003,12709009,12709027,12709033,12709051,12709063,12709091,12709097,12709121,12709127,12709141,12709199,12709211,12709219,12709237,12709261,12709267,12709313,12709327,12709357,12709379,12709393,12709397,12709427,12709447,12709457,12709483,12709507,12709513,12709517,12709531,12709561,12709573,12709601,12709607,12709633,12709643,12709661,12709663,12709667,12709673,12709679,12709681,12709709,12709717,12709733,12709747,12709789,12709799,12709817,12709847,12709871,12709883,12709903,12709913,12709919,12709933,12709943,12709951,12709979,12709997,12710003,12710023,12710051,12710057,12710059,12710063,12710077,12710081,12710083,12710119,12710153,12710177,12710189,12710197,12710227,12710267,12710273,12710281,12710293,12710317,12710333,12710359,12710377,12710393,12710417,12710419,12710431,12710437,12710443,12710447,12710459,12710461,12710479,12710507,12710521,12710531,12710557,12710561,12710567,12710569,12710587,12710591,12710597,12710603,12710609,12710627,12710641,12710653,12710657,12710669,12710683,12710693,12710701,12710707,12710717,12710759,12710767,12710773,12710807,12710809,12710813,12710827,12710857,12710879,12710897,12710909,12710923,12710933,12710941,12710947,12710959,12710987,12710989,12710993,12711001,12711011,12711037,12711067,12711071,12711079,12711089,12711109,12711131,12711143,12711151,12711161,12711163,12711169,12711211,12711217,12711221,12711227,12711263,12711269,12711277,12711287,12711329,12711371,12711401,12711403,12711407,12711421,12711431,12711443,12711463,12711469,12711473,12711481,12711487,12711497,12711509,12711527,12711553,12711577,12711613,12711619,12711649,12711697,12711701,12711719,12711731,12711737,12711739,12711749,12711791,12711793,12711799,12711821,12711823,12711827,12711859,12711871,12711899,12711901,12711913,12711929,12711943,12711989,12712003,12712033,12712057,12712061,12712069,12712079,12712087,12712099,12712187,12712223,12712229,12712241,12712283,12712289,12712291,12712303,12712309,12712313,12712321,12712351,12712373,12712393,12712409,12712429,12712433,12712459,12712487,12712489,12712499,12712507,12712519,12712543,12712547,12712603,12712619,12712627,12712657,12712663,12712669,12712699,12712703,12712727,12712741,12712751,12712783,12712807,12712823,12712873,12712891,12712913,12712927,12712939,12712963,12712967,12712969,12712979,12713003,12713011,12713021,12713053,12713083,12713087,12713119,12713123,12713137,12713153,12713159,12713201,12713219,12713221,12713231,12713243,12713249,12713279,12713329,12713333,12713353,12713377,12713381,12713387,12713417,12713431,12713443,12713447,12713507,12713521,12713537,12713551,12713557,12713573,12713579,12713581,12713593,12713609,12713611,12713639,12713647,12713663,12713677,12713713,12713741,12713749,12713761,12713777,12713783,12713797,12713809,12713819,12713821,12713839,12713849,12713863,12713867,12713873,12713881,12713891,12713893,12713927,12713929,12713933,12713941,12713951,12713959,12713989,12713993,12714029,12714067,12714071,12714073,12714089,12714127,12714133,12714137,12714139,12714157,12714167,12714187,12714203,12714241,12714253,12714257,12714259,12714263,12714271,12714277,12714293,12714301,12714307,12714343,12714349,12714353,12714367,12714379,12714391,12714397,12714431,12714461,12714463,12714473,12714479,12714511,12714517,12714529,12714547,12714593,12714599,12714601,12714631,12714659,12714671,12714683,12714697,12714701,12714721,12714727,12714733,12714739,12714749,12714761,12714763,12714773,12714787,12714803,12714809,12714817,12714839,12714851,12714881,12714887,12714937,12714941,12714943,12714953,12714967,12714979,12714983,12715037,12715063,12715081,12715093,12715103,12715127,12715139,12715147,12715151,12715189,12715211,12715249,12715259,12715271,12715277,12715291,12715331,12715379,12715387,12715397,12715403,12715433,12715441,12715447,12715471,12715477,12715501,12715523,12715529,12715537,12715561,12715583,12715607,12715631,12715649,12715667,12715691,12715721,12715723,12715727,12715751,12715771,12715783,12715817,12715819,12715841,12715853,12715867,12715873,12715903,12715909,12715931,12715933,12715939,12715951,12715979,12715993,12716009,12716023,12716059,12716063,12716087,12716113,12716147,12716159,12716161,12716167,12716177,12716233,12716257,12716269,12716279,12716287,12716303,12716311,12716317,12716351,12716359,12716369,12716371,12716387,12716411,12716423,12716467,12716489,12716497,12716521,12716531,12716537,12716569,12716573,12716579,12716591,12716593,12716621,12716633,12716651,12716653,12716657,12716659,12716687,12716699,12716701,12716707,12716713,12716729,12716747,12716773,12716783,12716791,12716807,12716827,12716831,12716849,12716887,12716897,12716923,12716927,12716933,12716959,12716981,12716983,12716989,12717007,12717013,12717041,12717043,12717073,12717077,12717083,12717113,12717127,12717149,12717151,12717163,12717169,12717179,12717193,12717209,12717227,12717239,12717247,12717253,12717259,12717269,12717277,12717281,12717311,12717317,12717319,12717323,12717361,12717407,12717427,12717431,12717437,12717443,12717469,12717473,12717487,12717491,12717511,12717539,12717541,12717553,12717557,12717559,12717563,12717569,12717583,12717587,12717599,12717613,12717619,12717623,12717647,12717659,12717671,12717697,12717701,12717703,12717709,12717763,12717769,12717773,12717797,12717799,12717823,12717857,12717869,12717877,12717889,12717917,12717923,12717937,12717941,12717949,12717953,12717983,12718003,12718009,12718019,12718033,12718061,12718063,12718093,12718157,12718171,12718177,12718183,12718187,12718213,12718249,12718253,12718273,12718291,12718313,12718319,12718351,12718403,12718451,12718457,12718469,12718477,12718483,12718493,12718513,12718523,12718547,12718549,12718577,12718603,12718613,12718621,12718631,12718633,12718661,12718663,12718679,12718681,12718691,12718697,12718709,12718721,12718757,12718777,12718801,12718813,12718817,12718819,12718859,12718877,12718879,12718891,12718933,12718957,12718969,12719017,12719029,12719089,12719107,12719123,12719141,12719149,12719159,12719191,12719209,12719243,12719249,12719261,12719297,12719309,12719351,12719353,12719387,12719407,12719419,12719459,12719461,12719467,12719477,12719489,12719503,12719507,12719521,12719533,12719549,12719557,12719611,12719617,12719627,12719639,12719647,12719653,12719671,12719741,12719743,12719747,12719761,12719767,12719771,12719783,12719789,12719803,12719807,12719809,12719821,12719843,12719849,12719857,12719867,12719887,12719891,12719929,12719933,12719977,12720011,12720047,12720049,12720061,12720073,12720077,12720083,12720091,12720107,12720133,12720157,12720161,12720163,12720179,12720181,12720187,12720229,12720247,12720271,12720283,12720317,12720347,12720349,12720359,12720361,12720427,12720439,12720457,12720479,12720511,12720529,12720559,12720569,12720581,12720593,12720599,12720601,12720649,12720707,12720713,12720737,12720751,12720767,12720769,12720779,12720781,12720787,12720793,12720839,12720847,12720887,12720889,12720941,12720949,12720971,12720977,12720997,12721019,12721039,12721043,12721087,12721091,12721097,12721099,12721103,12721147,12721157,12721171,12721183,12721187,12721207,12721211,12721213,12721217,12721271,12721273,12721333,12721361,12721363,12721391,12721411,12721417,12721441,12721447,12721477,12721519,12721523,12721529,12721531,12721549,12721601,12721609,12721651,12721663,12721693,12721703,12721711,12721721,12721739,12721771,12721777,12721789,12721799,12721801,12721843,12721847,12721903,12721939,12721999,12722009,12722011,12722041,12722053,12722071,12722089,12722093,12722107,12722119,12722123,12722131,12722141,12722159,12722167,12722179,12722189,12722219,12722233,12722249,12722257,12722261,12722287,12722291,12722293,12722317,12722321,12722351,12722357,12722377,12722393,12722417,12722447,12722459,12722497,12722509,12722543,12722573,12722599,12722603,12722623,12722627,12722641,12722653,12722683,12722693,12722707,12722729,12722737,12722747,12722767,12722771,12722791,12722849,12722863,12722873,12722881,12722891,12722903,12722911,12722917,12722921,12722923,12722959,12722971,12722977,12722981,12722993,12723017,12723019,12723031,12723059,12723077,12723091,12723101,12723107,12723119,12723121,12723131,12723133,12723149,12723167,12723169,12723203,12723211,12723223,12723239,12723247,12723251,12723253,12723287,12723307,12723311,12723317,12723343,12723349,12723371,12723377,12723379,12723391,12723419,12723421,12723433,12723443,12723457,12723467,12723481,12723509,12723517,12723533,12723539,12723569,12723583,12723611,12723629,12723647,12723649,12723709,12723727,12723731,12723791,12723797,12723833,12723889,12723917,12723923,12723941,12723947,12723959,12723979,12724009,12724021,12724027,12724039,12724057,12724073,12724079,12724097,12724133,12724163,12724181,12724207,12724213,12724219,12724223,12724249,12724273,12724277,12724331,12724339,12724343,12724351,12724421,12724429,12724441,12724447,12724463,12724469,12724487,12724489,12724493,12724501,12724519,12724531,12724553,12724561,12724567,12724583,12724627,12724651,12724667,12724709,12724739,12724741,12724759,12724763,12724799,12724807,12724853,12724871,12724879,12724897,12724909,12724919,12724937,12724949,12724951,12724961,12724963,12724967,12724981,12725017,12725023,12725029,12725039,12725051,12725057,12725071,12725087,12725093,12725101,12725107,12725123,12725147,12725177,12725183,12725191,12725201,12725213,12725239,12725249,12725261,12725263,12725281,12725303,12725329,12725351,12725359,12725369,12725381,12725389,12725413,12725429,12725441,12725467,12725483,12725491,12725501,12725513,12725551,12725561,12725563,12725591,12725597,12725599,12725627,12725653,12725659,12725663,12725677,12725681,12725689,12725701,12725711,12725719,12725723,12725729,12725747,12725749,12725771,12725813,12725819,12725821,12725837,12725849,12725857,12725879,12725917,12725939,12725971,12725987,12726001,12726011,12726019,12726023,12726037,12726059,12726073,12726083,12726127,12726167,12726179,12726221,12726223,12726269,12726271,12726283,12726299,12726313,12726361,12726367,12726391,12726407,12726433,12726437,12726443,12726451,12726457,12726479,12726503,12726509,12726529,12726533,12726541,12726587,12726589,12726611,12726617,12726641,12726643,12726673,12726689,12726697,12726719,12726739,12726743,12726757,12726773,12726787,12726799,12726803,12726811,12726817,12726841,12726869,12726907,12726929,12726937,12726977,12727003,12727007,12727009,12727021,12727061,12727063,12727069,12727087,12727109,12727123,12727129,12727139,12727147,12727171,12727213,12727229,12727243,12727249,12727289,12727291,12727301,12727327,12727361,12727369,12727381,12727399,12727427,12727439,12727447,12727471,12727483,12727489,12727499,12727501,12727513,12727523,12727537,12727541,12727573,12727597,12727601,12727609,12727621,12727643,12727651,12727697,12727703,12727709,12727721,12727727,12727733,12727787,12727811,12727817,12727831,12727837,12727843,12727877,12727903,12727909,12727987,12727991,12728029,12728033,12728041,12728047,12728063,12728069,12728083,12728113,12728123,12728159,12728167,12728179,12728203,12728227,12728231,12728237,12728249,12728263,12728267,12728279,12728281,12728293,12728311,12728341,12728351,12728363,12728371,12728377,12728381,12728389,12728447,12728479,12728503,12728509,12728519,12728539,12728549,12728561,12728567,12728581,12728609,12728657,12728663,12728707,12728711,12728713,12728743,12728747,12728759,12728773,12728831,12728857,12728893,12728923,12728927,12728939,12728977,12728987,12729029,12729061,12729091,12729109,12729113,12729133,12729137,12729179,12729181,12729193,12729217,12729239,12729253,12729271,12729293,12729317,12729323,12729329,12729331,12729359,12729361,12729383,12729389,12729391,12729439,12729491,12729503,12729529,12729539,12729547,12729553,12729559,12729571,12729589,12729611,12729641,12729643,12729653,12729671,12729679,12729697,12729709,12729727,12729779,12729797,12729817,12729839,12729851,12729863,12729877,12729901,12729917,12729919,12729947,12729949,12729973,12729979,12730007,12730013,12730027,12730033,12730051,12730061,12730073,12730097,12730121,12730153,12730169,12730283,12730303,12730307,12730309,12730313,12730321,12730327,12730349,12730363,12730379,12730381,12730409,12730423,12730439,12730453,12730483,12730493,12730511,12730519,12730567,12730573,12730579,12730583,12730609,12730621,12730631,12730651,12730657,12730673,12730687,12730691,12730717,12730727,12730733,12730777,12730793,12730819,12730829,12730831,12730853,12730877,12730889,12730933,12730957,12730979,12731003,12731023,12731027,12731039,12731051,12731063,12731093,12731099,12731129,12731161,12731179,12731189,12731227,12731237,12731281,12731339,12731357,12731363,12731399,12731401,12731413,12731417,12731429,12731431,12731447,12731449,12731471,12731479,12731491,12731503,12731531,12731533,12731549,12731557,12731573,12731591,12731599,12731611,12731629,12731633,12731639,12731647,12731659,12731681,12731683,12731699,12731701,12731707,12731723,12731743,12731753,12731773,12731779,12731813,12731833,12731837,12731863,12731879,12731891,12731893,12731909,12731911,12731921,12731923,12731941,12731969,12731987,12731989,12731993,12732001,12732007,12732019,12732047,12732053,12732059,12732061,12732067,12732079,12732089,12732101,12732113,12732119,12732127,12732143,12732163,12732173,12732191,12732221,12732241,12732277,12732287,12732301,12732311,12732319,12732323,12732341,12732367,12732383,12732389,12732407,12732431,12732437,12732443,12732457,12732481,12732493,12732521,12732529,12732553,12732557,12732563,12732569,12732583,12732589,12732637,12732647,12732689,12732691,12732697,12732703,12732721,12732737,12732739,12732743,12732749,12732763,12732803,12732809,12732821,12732829,12732833,12732877,12732883,12732959,12732977,12732989,12733003,12733009,12733013,12733027,12733037,12733043,12733067,12733073,12733081,12733109,12733129,12733139,12733151,12733159,12733177,12733183,12733199,12733207,12733213,12733223,12733229,12733261,12733267,12733297,12733307,12733309,12733313,12733333,12733337,12733339,12733351,12733361,12733367,12733393,12733403,12733429,12733433,12733447,12733453,12733499,12733507,12733537,12733541,12733597,12733603,12733619,12733627,12733673,12733691,12733703,12733729,12733733,12733741,12733751,12733753,12733771,12733783,12733801,12733807,12733823,12733837,12733841,12733843,12733873,12733879,12733913,12733937,12733949,12733961,12733997,12733999,12734017,12734023,12734027,12734069,12734081,12734107,12734119,12734129,12734131,12734171,12734233,12734243,12734261,12734297,12734303,12734317,12734353,12734369,12734399,12734419,12734429,12734431,12734453,12734467,12734471,12734537,12734539,12734551,12734573,12734587,12734591,12734609,12734621,12734627,12734629,12734651,12734669,12734677,12734713,12734749,12734753,12734783,12734809,12734833,12734849,12734851,12734863,12734867,12734873,12734929,12734941,12734947,12734957,12734971,12734977,12734983,12735007,12735029,12735043,12735053,12735059,12735061,12735083,12735101,12735113,12735127,12735131,12735137,12735143,12735157,12735221,12735223,12735251,12735259,12735269,12735299,12735311,12735337,12735343,12735347,12735391,12735407,12735413,12735419,12735469,12735479,12735493,12735517,12735523,12735539,12735551,12735559,12735571,12735577,12735581,12735589,12735599,12735607,12735617,12735631,12735649,12735677,12735691,12735713,12735739,12735743,12735773,12735781,12735787,12735841,12735883,12735893,12735911,12735913,12735923,12735929,12735937,12735967,12735971,12735973,12735979,12736019,12736027,12736037,12736039,12736063,12736067,12736069,12736079,12736081,12736093,12736123,12736151,12736159,12736169,12736189,12736223,12736253,12736261,12736277,12736279,12736309,12736333,12736337,12736351,12736369,12736429,12736447,12736487,12736489,12736543,12736561,12736571,12736573,12736579,12736583,12736601,12736613,12736637,12736639,12736651,12736679,12736697,12736727,12736741,12736747,12736777,12736781,12736793,12736799,12736811,12736813,12736817,12736819,12736837,12736847,12736873,12736883,12736891,12736921,12736943,12736949,12737033,12737041,12737051,12737071,12737093,12737099,12737107,12737111,12737117,12737171,12737189,12737237,12737243,12737269,12737279,12737281,12737317,12737327,12737339,12737357,12737371,12737383,12737399,12737441,12737443,12737447,12737477,12737479,12737507,12737521,12737531,12737533,12737587,12737597,12737603,12737609,12737623,12737629,12737639,12737663,12737677,12737689,12737693,12737707,12737717,12737729,12737759,12737773,12737779,12737789,12737797,12737827,12737831,12737833,12737863,12737867,12737899,12737903,12737909,12737911,12737917,12737951,12737969,12737971,12738001,12738017,12738031,12738043,12738053,12738059,12738119,12738133,12738149,12738157,12738169,12738211,12738223,12738239,12738247,12738283,12738289,12738293,12738301,12738307,12738311,12738347,12738353,12738361,12738367,12738371,12738373,12738419,12738421,12738431,12738433,12738437,12738443,12738469,12738499,12738521,12738533,12738563,12738581,12738617,12738623,12738629,12738637,12738641,12738647,12738653,12738673,12738701,12738727,12738779,12738811,12738821,12738839,12738851,12738853,12738877,12738881,12738883,12738889,12738919,12738959,12738977,12738983,12738991,12738997,12739031,12739037,12739043,12739049,12739081,12739087,12739093,12739117,12739121,12739141,12739159,12739163,12739183,12739189,12739229,12739247,12739249,12739267,12739271,12739289,12739297,12739319,12739343,12739373,12739387,12739393,12739403,12739429,12739471,12739487,12739513,12739537,12739577,12739589,12739603,12739637,12739651,12739669,12739673,12739687,12739691,12739703,12739711,12739717,12739721,12739763,12739799,12739801,12739819,12739841,12739847,12739871,12739873,12739879,12739897,12739927,12739931,12739939,12739943,12739973,12740003,12740017,12740059,12740081,12740107,12740111,12740113,12740129,12740153,12740197,12740201,12740209,12740249,12740257,12740267,12740269,12740281,12740291,12740297,12740303,12740333,12740339,12740347,12740353,12740359,12740363,12740369,12740423,12740449,12740461,12740467,12740477,12740489,12740503,12740549,12740573,12740579,12740587,12740591,12740593,12740603,12740639,12740641,12740671,12740677,12740699,12740711,12740719,12740747,12740789,12740797,12740809,12740867,12740869,12740891,12740899,12740911,12740933,12740953,12740957,12740971,12740977,12740983,12740989,12740993,12740999,12741013,12741017,12741023,12741073,12741107,12741167,12741173,12741187,12741193,12741233,12741259,12741263,12741293,12741299,12741317,12741319,12741361,12741367,12741397,12741401,12741427,12741433,12741451,12741461,12741467,12741479,12741481,12741503,12741511,12741523,12741539,12741557,12741569,12741583,12741593,12741613,12741661,12741679,12741689,12741697,12741709,12741719,12741733,12741769,12741779,12741787,12741811,12741829,12741847,12741851,12741853,12741887,12741907,12741919,12741923,12741947,12741973,12741983,12742003,12742007,12742013,12742031,12742043,12742057,12742073,12742099,12742109,12742111,12742117,12742133,12742139,12742151,12742153,12742189,12742193,12742237,12742259,12742273,12742283,12742297,12742321,12742343,12742357,12742361,12742363,12742399,12742417,12742421,12742423,12742447,12742459,12742481,12742511,12742553,12742579,12742589,12742627,12742633,12742637,12742651,12742679,12742693,12742699,12742703,12742727,12742729,12742747,12742771,12742777,12742783,12742789,12742801,12742811,12742817,12742819,12742823,12742871,12742883,12742903,12742913,12742957,12742993,12743021,12743033,12743039,12743089,12743111,12743113,12743119,12743131,12743141,12743147,12743153,12743191,12743197,12743221,12743231,12743257,12743261,12743279,12743309,12743317,12743321,12743323,12743347,12743359,12743389,12743399,12743407,12743413,12743431,12743443,12743447,12743453,12743477,12743483,12743513,12743527,12743539,12743543,12743551,12743567,12743581,12743611,12743629,12743639,12743641,12743663,12743677,12743681,12743701,12743713,12743723,12743741,12743747,12743777,12743803,12743827,12743837,12743879,12743911,12743917,12743923,12743933,12743977,12744019,12744049,12744077,12744089,12744103,12744143,12744157,12744167,12744187,12744209,12744223,12744229,12744233,12744241,12744247,12744283,12744289,12744331,12744341,12744349,12744353,12744367,12744377,12744397,12744409,12744419,12744437,12744439,12744443,12744463,12744527,12744569,12744581,12744583,12744617,12744619,12744623,12744629,12744647,12744653,12744701,12744703,12744707,12744709,12744749,12744757,12744769,12744773,12744793,12744799,12744817,12744821,12744847,12744869,12744871,12744929,12744947,12744961,12745009,12745021,12745039,12745063,12745079,12745081,12745093,12745097,12745099,12745127,12745147,12745163,12745171,12745177,12745193,12745199,12745217,12745237,12745259,12745283,12745321,12745331,12745351,12745361,12745363,12745367,12745379,12745399,12745483,12745541,12745549,12745567,12745571,12745573,12745583,12745589,12745613,12745627,12745633,12745639,12745643,12745651,12745661,12745669,12745679,12745709,12745717,12745721,12745739,12745753,12745787,12745807,12745813,12745853,12745891,12745919,12745921,12745951,12745961,12745973,12745981,12746021,12746047,12746057,12746059,12746077,12746081,12746089,12746113,12746119,12746143,12746159,12746171,12746179,12746191,12746197,12746219,12746231,12746233,12746257,12746263,12746269,12746273,12746291,12746297,12746303,12746309,12746339,12746381,12746401,12746407,12746453,12746471,12746483,12746509,12746519,12746521,12746543,12746581,12746593,12746599,12746633,12746639,12746647,12746653,12746677,12746681,12746687,12746711,12746737,12746771,12746779,12746819,12746837,12746849,12746861,12746869,12746873,12746879,12746893,12746897,12746911,12746939,12746953,12746959,12746999,12747001,12747019,12747029,12747047,12747121,12747131,12747139,12747167,12747179,12747181,12747209,12747239,12747247,12747253,12747257,12747281,12747289,12747299,12747323,12747337,12747367,12747379,12747409,12747419,12747421,12747437,12747463,12747503,12747509,12747517,12747523,12747547,12747557,12747563,12747577,12747587,12747593,12747601,12747619,12747653,12747697,12747701,12747703,12747751,12747767,12747769,12747797,12747799,12747809,12747821,12747827,12747853,12747863,12747881,12747883,12747893,12747901,12747937,12747941,12747949,12747967,12747983,12748013,12748019,12748027,12748061,12748097,12748103,12748117,12748123,12748163,12748193,12748217,12748231,12748247,12748277,12748289,12748343,12748357,12748361,12748363,12748367,12748369,12748381,12748397,12748403,12748427,12748447,12748459,12748469,12748481,12748493,12748513,12748553,12748579,12748583,12748591,12748607,12748643,12748649,12748651,12748669,12748679,12748699,12748711,12748733,12748741,12748751,12748787,12748811,12748837,12748847,12748859,12748903,12748919,12748933,12748937,12748987,12749003,12749017,12749021,12749039,12749041,12749063,12749101,12749111,12749123,12749131,12749147,12749159,12749179,12749189,12749197,12749239,12749263,12749273,12749293,12749311,12749327,12749353,12749393,12749413,12749417,12749431,12749447,12749449,12749453,12749489,12749501,12749509,12749537,12749557,12749563,12749593,12749599,12749603,12749617,12749651,12749663,12749689,12749701,12749707,12749717,12749749,12749753,12749761,12749767,12749771,12749783,12749827,12749851,12749857,12749861,12749917,12749921,12749923,12749951,12749953,12750011,12750071,12750091,12750103,12750149,12750161,12750181,12750191,12750193,12750209,12750223,12750239,12750247,12750271,12750293,12750299,12750329,12750347,12750371,12750373,12750379,12750383,12750389,12750421,12750427,12750443,12750457,12750469,12750497,12750499,12750511,12750523,12750559,12750571,12750601,12750611,12750613,12750637,12750643,12750659,12750701,12750719,12750737,12750743,12750797,12750811,12750823,12750839,12750841,12750851,12750863,12750911,12750989,12751007,12751009,12751043,12751049,12751073,12751087,12751093,12751099,12751127,12751133,12751157,12751159,12751163,12751169,12751171,12751201,12751231,12751237,12751253,12751283,12751289,12751301,12751313,12751339,12751357,12751381,12751397,12751439,12751441,12751457,12751463,12751471,12751481,12751517,12751537,12751559,12751573,12751577,12751579,12751589,12751601,12751639,12751663,12751667,12751681,12751691,12751727,12751741,12751769,12751771,12751777,12751787,12751789,12751811,12751841,12751873,12751877,12751883,12751889,12751901,12751919,12751927,12751931,12751969,12751987,12752017,12752027,12752029,12752053,12752063,12752071,12752137,12752147,12752167,12752183,12752231,12752251,12752273,12752279,12752291,12752303,12752339,12752347,12752351,12752357,12752359,12752387,12752393,12752413,12752423,12752429,12752471,12752479,12752491,12752503,12752521,12752527,12752539,12752549,12752561,12752569,12752573,12752609,12752653,12752659,12752671,12752683,12752689,12752711,12752723,12752759,12752767,12752777,12752813,12752849,12752851,12752869,12752893,12752911,12752921,12752951,12752969,12752977,12753001,12753023,12753031,12753053,12753061,12753073,12753113,12753131,12753157,12753163,12753187,12753211,12753217,12753229,12753253,12753259,12753277,12753287,12753317,12753329,12753341,12753343,12753347,12753379,12753407,12753409,12753421,12753439,12753449,12753457,12753469,12753487,12753511,12753557,12753577,12753589,12753607,12753613,12753647,12753683,12753691,12753737,12753751,12753773,12753817,12753827,12753833,12753841,12753869,12753877,12753887,12753889,12753899,12753901,12753907,12753947,12754009,12754033,12754057,12754067,12754069,12754081,12754087,12754099,12754103,12754117,12754127,12754129,12754141,12754151,12754153,12754163,12754169,12754177,12754219,12754271,12754279,12754297,12754319,12754327,12754337,12754367,12754373,12754411,12754447,12754457,12754459,12754463,12754477,12754493,12754499,12754513,12754537,12754541,12754559,12754579,12754591,12754619,12754631,12754639,12754657,12754661,12754663,12754669,12754697,12754717,12754727,12754741,12754783,12754793,12754817,12754831,12754843,12754849,12754877,12754883,12754897,12754901,12754943,12754957,12754969,12754979,12754993,12754997,12754999,12755009,12755011,12755021,12755027,12755051,12755053,12755069,12755089,12755107,12755123,12755131,12755147,12755153,12755201,12755207,12755227,12755231,12755233,12755243,12755257,12755263,12755279,12755297,12755311,12755329,12755333,12755341,12755359,12755371,12755383,12755399,12755411,12755429,12755437,12755453,12755459,12755461,12755473,12755489,12755497,12755521,12755537,12755549,12755557,12755579,12755581,12755591,12755599,12755609,12755651,12755657,12755671,12755683,12755693,12755723,12755749,12755759,12755761,12755767,12755807,12755833,12755837,12755839,12755843,12755851,12755903,12755909,12755921,12755927,12755957,12755971,12755983,12755989,12756013,12756017,12756019,12756031,12756047,12756059,12756061,12756089,12756091,12756119,12756131,12756151,12756173,12756193,12756203,12756229,12756253,12756311,12756313,12756319,12756343,12756389,12756413,12756431,12756437,12756439,12756463,12756473,12756479,12756487,12756521,12756529,12756547,12756589,12756659,12756661,12756673,12756691,12756703,12756707,12756713,12756727,12756739,12756763,12756797,12756811,12756829,12756833,12756871,12756883,12756907,12756917,12756929,12756937,12756943,12756949,12756959,12756967,12756977,12756979,12757049,12757051,12757057,12757079,12757091,12757093,12757097,12757099,12757127,12757133,12757139,12757177,12757201,12757219,12757247,12757291,12757301,12757309,12757313,12757331,12757333,12757363,12757391,12757421,12757439,12757441,12757453,12757457,12757483,12757487,12757501,12757517,12757543,12757583,12757597,12757603,12757609,12757621,12757639,12757643,12757649,12757739,12757741,12757751,12757753,12757781,12757807,12757861,12757891,12757897,12757903,12757907,12757909,12757951,12757963,12757981,12757993,12758003,12758029,12758051,12758071,12758087,12758111,12758167,12758183,12758191,12758201,12758233,12758237,12758269,12758281,12758287,12758309,12758323,12758327,12758371,12758387,12758407,12758411,12758413,12758419,12758461,12758497,12758513,12758539,12758549,12758561,12758563,12758567,12758569,12758591,12758593,12758597,12758621,12758663,12758689,12758693,12758719,12758723,12758729,12758731,12758741,12758783,12758791,12758797,12758803,12758827,12758839,12758873,12758881,12758903,12758909,12758929,12758957,12758971,12758981,12759017,12759023,12759029,12759041,12759079,12759119,12759121,12759133,12759143,12759179,12759209,12759223,12759251,12759277,12759287,12759293,12759311,12759337,12759353,12759359,12759361,12759371,12759377,12759389,12759403,12759421,12759427,12759479,12759497,12759499,12759511,12759521,12759529,12759533,12759557,12759587,12759599,12759611,12759629,12759647,12759653,12759661,12759667,12759679,12759683,12759689,12759713,12759727,12759731,12759749,12759757,12759763,12759767,12759781,12759823,12759827,12759833,12759853,12759881,12759883,12759893,12759973,12759991,12759997,12760021,12760031,12760051,12760063,12760067,12760091,12760117,12760123,12760133,12760151,12760157,12760169,12760213,12760219,12760243,12760247,12760249,12760259,12760271,12760277,12760291,12760309,12760369,12760393,12760399,12760403,12760409,12760417,12760459,12760463,12760481,12760483,12760507,12760511,12760513,12760543,12760549,12760613,12760621,12760661,12760663,12760673,12760679,12760691,12760721,12760733,12760763,12760777,12760789,12760801,12760817,12760843,12760849,12760873,12760879,12760889,12760903,12760907,12760921,12760939,12760973,12760991,12760997,12761009,12761011,12761059,12761071,12761081,12761083,12761123,12761129,12761143,12761149,12761171,12761197,12761201,12761213,12761219,12761257,12761267,12761311,12761317,12761321,12761347,12761351,12761377,12761381,12761387,12761453,12761459,12761461,12761467,12761471,12761473,12761477,12761503,12761513,12761533,12761561,12761591,12761603,12761647,12761657,12761659,12761663,12761681,12761689,12761719,12761731,12761737,12761741,12761761,12761779,12761789,12761797,12761807,12761813,12761851,12761867,12761887,12761891,12761893,12761899,12761909,12761911,12761921,12761971,12761981,12761989,12762011,12762017,12762023,12762031,12762041,12762073,12762083,12762089,12762119,12762131,12762137,12762143,12762149,12762161,12762187,12762209,12762229,12762247,12762283,12762287,12762301,12762311,12762317,12762331,12762353,12762377,12762391,12762419,12762437,12762457,12762469,12762473,12762479,12762487,12762499,12762553,12762583,12762587,12762593,12762599,12762613,12762649,12762667,12762683,12762691,12762713,12762721,12762727,12762751,12762781,12762829,12762859,12762863,12762881,12762899,12762901,12762913,12762943,12762947,12762949,12762977,12762989,12763019,12763021,12763033,12763061,12763087,12763097,12763111,12763123,12763133,12763147,12763169,12763171,12763181,12763189,12763207,12763211,12763241,12763291,12763297,12763313,12763327,12763339,12763343,12763349,12763363,12763381,12763403,12763453,12763469,12763493,12763511,12763519,12763523,12763547,12763559,12763589,12763591,12763603,12763613,12763633,12763637,12763693,12763697,12763703,12763711,12763717,12763721,12763727,12763739,12763769,12763771,12763789,12763841,12763859,12763897,12763903,12763967,12763999,12764027,12764039,12764051,12764053,12764071,12764099,12764173,12764201,12764203,12764207,12764209,12764251,12764261,12764293,12764303,12764317,12764347,12764357,12764359,12764363,12764369,12764387,12764417,12764431,12764443,12764449,12764461,12764503,12764513,12764533,12764537,12764551,12764579,12764581,12764597,12764623,12764651,12764659,12764699,12764711,12764723,12764737,12764761,12764767,12764783,12764797,12764831,12764849,12764879,12764887,12764911,12764923,12764951,12764953,12764957,12765029,12765031,12765061,12765073,12765083,12765091,12765097,12765101,12765121,12765127,12765139,12765143,12765157,12765163,12765167,12765187,12765241,12765251,12765293,12765301,12765323,12765331,12765349,12765377,12765383,12765413,12765427,12765433,12765439,12765451,12765457,12765461,12765463,12765499,12765517,12765541,12765547,12765559,12765569,12765581,12765601,12765607,12765611,12765619,12765631,12765679,12765721,12765751,12765763,12765787,12765803,12765821,12765839,12765877,12765881,12765901,12765919,12765941,12765947,12765959,12766001,12766009,12766027,12766037,12766051,12766069,12766087,12766109,12766121,12766123,12766151,12766153,12766183,12766199,12766207,12766213,12766217,12766223,12766231,12766241,12766261,12766279,12766289,12766291,12766301,12766307,12766319,12766333,12766367,12766373,12766393,12766441,12766463,12766483,12766519,12766543,12766549,12766553,12766561,12766573,12766577,12766603,12766639,12766667,12766669,12766681,12766687,12766709,12766717,12766759,12766763,12766777,12766781,12766801,12766883,12766903,12766907,12766921,12766927,12766933,12766937,12766967,12766981,12766987,12766991,12767003,12767021,12767039,12767057,12767089,12767137,12767177,12767179,12767203,12767219,12767233,12767263,12767267,12767273,12767281,12767299,12767303,12767311,12767353,12767383,12767389,12767393,12767401,12767407,12767471,12767477,12767509,12767537,12767539,12767549,12767551,12767591,12767593,12767609,12767611,12767621,12767633,12767669,12767681,12767683,12767719,12767747,12767749,12767759,12767771,12767779,12767789,12767813,12767827,12767857,12767863,12767873,12767893,12767897,12767903,12767927,12767929,12767957,12767977,12767987,12768023,12768031,12768047,12768089,12768101,12768103,12768121,12768137,12768157,12768169,12768181,12768191,12768221,12768227,12768229,12768233,12768251,12768253,12768269,12768299,12768307,12768313,12768341,12768347,12768383,12768419,12768449,12768451,12768461,12768467,12768487,12768491,12768493,12768517,12768583,12768619,12768641,12768667,12768689,12768697,12768709,12768713,12768719,12768731,12768733,12768739,12768761,12768773,12768781,12768797,12768799,12768809,12768827,12768851,12768857,12768881,12768901,12768907,12768937,12768953,12768971,12768997,12769021,12769027,12769039,12769049,12769067,12769079,12769093,12769103,12769109,12769129,12769139,12769157,12769171,12769199,12769213,12769217,12769259,12769277,12769291,12769297,12769307,12769319,12769331,12769333,12769357,12769381,12769391,12769411,12769417,12769433,12769441,12769451,12769457,12769511,12769517,12769529,12769543,12769553,12769579,12769591,12769607,12769609,12769619,12769637,12769643,12769663,12769693,12769697,12769709,12769739,12769741,12769763,12769777,12769781,12769787,12769789,12769793,12769829,12769849,12769871,12769879,12769891,12769903,12769927,12769937,12769943,12769949,12769961,12769969,12769973,12769993,12770053,12770059,12770089,12770101,12770141,12770189,12770201,12770203,12770209,12770239,12770287,12770293,12770321,12770327,12770363,12770377,12770389,12770399,12770423,12770431,12770437,12770447,12770453,12770467,12770473,12770479,12770503,12770507,12770551,12770567,12770579,12770581,12770591,12770599,12770651,12770671,12770677,12770683,12770711,12770731,12770749,12770789,12770801,12770837,12770843,12770861,12770881,12770897,12770909,12770917,12770951,12770959,12770969,12770971,12770999,12771001,12771007,12771013,12771019,12771023,12771037,12771041,12771047,12771053,12771089,12771091,12771103,12771139,12771149,12771151,12771191,12771193,12771221,12771271,12771307,12771323,12771329,12771337,12771391,12771419,12771431,12771457,12771461,12771469,12771481,12771487,12771491,12771497,12771503,12771511,12771523,12771527,12771533,12771547,12771581,12771587,12771593,12771617,12771643,12771653,12771679,12771719,12771727,12771749,12771757,12771761,12771763,12771769,12771799,12771809,12771821,12771839,12771853,12771883,12771911,12771929,12771931,12771943,12771949,12771953,12771961,12771973,12771991,12772003,12772013,12772057,12772063,12772091,12772139,12772159,12772169,12772171,12772181,12772211,12772213,12772229,12772231,12772259,12772271,12772273,12772283,12772303,12772307,12772339,12772349,12772367,12772381,12772393,12772433,12772447,12772451,12772453,12772481,12772489,12772493,12772519,12772537,12772553,12772597,12772601,12772603,12772619,12772633,12772649,12772691,12772709,12772717,12772757,12772777,12772801,12772811,12772817,12772871,12772891,12772901,12772909,12772919,12772937,12772943,12772951,12772987,12772993,12773003,12773009,12773011,12773041,12773071,12773083,12773093,12773129,12773161,12773183,12773203,12773219,12773221,12773231,12773249,12773269,12773287,12773291,12773297,12773353,12773359,12773381,12773393,12773413,12773429,12773447,12773459,12773471,12773513,12773521,12773531,12773549,12773557,12773587,12773597,12773609,12773627,12773653,12773669,12773693,12773699,12773701,12773711,12773737,12773741,12773777,12773779,12773791,12773807,12773857,12773861,12773863,12773867,12773869,12773879,12773911,12773923,12773927,12773951,12774029,12774049,12774059,12774067,12774079,12774101,12774119,12774133,12774161,12774187,12774211,12774227,12774233,12774241,12774257,12774299,12774301,12774317,12774319,12774341,12774353,12774383,12774389,12774401,12774427,12774457,12774467,12774491,12774523,12774539,12774547,12774557,12774563,12774589,12774607,12774611,12774617,12774649,12774661,12774673,12774677,12774709,12774719,12774733,12774737,12774743,12774757,12774767,12774787,12774829,12774833,12774841,12774847,12774851,12774869,12774889,12774893,12774901,12774911,12774917,12774967,12774977,12774991,12775003,12775013,12775031,12775043,12775099,12775123,12775141,12775151,12775153,12775159,12775181,12775183,12775199,12775207,12775229,12775237,12775289,12775297,12775303,12775309,12775319,12775337,12775349,12775363,12775369,12775421,12775463,12775481,12775487,12775489,12775519,12775537,12775547,12775549,12775577,12775583,12775589,12775613,12775621,12775639,12775663,12775691,12775709,12775717,12775739,12775759,12775769,12775783,12775817,12775831,12775849,12775853,12775871,12775913,12775943,12775951,12775981,12775991,12776003,12776009,12776011,12776047,12776053,12776059,12776069,12776081,12776083,12776111,12776131,12776143,12776147,12776149,12776167,12776171,12776173,12776177,12776207,12776213,12776243,12776249,12776251,12776263,12776287,12776317,12776321,12776329,12776353,12776363,12776377,12776381,12776383,12776411,12776437,12776441,12776453,12776459,12776471,12776473,12776513,12776539,12776579,12776611,12776623,12776629,12776641,12776671,12776677,12776711,12776717,12776723,12776737,12776761,12776773,12776783,12776801,12776807,12776821,12776839,12776861,12776879,12776921,12776941,12776957,12776989,12776993,12777041,12777043,12777049,12777073,12777077,12777113,12777133,12777151,12777157,12777161,12777181,12777203,12777209,12777221,12777277,12777287,12777299,12777341,12777361,12777383,12777431,12777433,12777451,12777461,12777473,12777491,12777497,12777509,12777511,12777517,12777521,12777529,12777533,12777547,12777551,12777553,12777559,12777563,12777577,12777613,12777629,12777643,12777649,12777679,12777703,12777763,12777781,12777803,12777827,12777889,12777901,12777911,12777917,12777943,12777967,12777979,12778001,12778021,12778027,12778037,12778063,12778069,12778079,12778081,12778093,12778109,12778111,12778121,12778147,12778151,12778163,12778187,12778189,12778201,12778229,12778253,12778277,12778289,12778291,12778303,12778309,12778319,12778327,12778331,12778333,12778351,12778361,12778369,12778391,12778399,12778421,12778427,12778433,12778453,12778471,12778477,12778481,12778483,12778499,12778517,12778523,12778537,12778553,12778559,12778561,12778627,12778637,12778643,12778681,12778691,12778693,12778729,12778741,12778769,12778771,12778813,12778817,12778853,12778859,12778873,12778933,12778943,12778967,12778973,12778981,12778993,12778999,12779017,12779021,12779027,12779029,12779047,12779059,12779069,12779083,12779089,12779093,12779101,12779131,12779141,12779147,12779149,12779177,12779197,12779203,12779209,12779231,12779233,12779287,12779293,12779297,12779303,12779309,12779311,12779321,12779339,12779357,12779369,12779387,12779399,12779407,12779411,12779449,12779483,12779531,12779539,12779567,12779573,12779621,12779623,12779639,12779671,12779677,12779687,12779693,12779707,12779713,12779779,12779783,12779821,12779831,12779849,12779861,12779917,12779939,12779941,12779947,12779953,12779969,12779993,12779999,12780007,12780013,12780017,12780113,12780121,12780127,12780139,12780143,12780149,12780169,12780181,12780197,12780211,12780221,12780223,12780247,12780263,12780269,12780307,12780323,12780347,12780349,12780373,12780409,12780511,12780517,12780527,12780539,12780553,12780557,12780601,12780611,12780613,12780629,12780637,12780661,12780689,12780697,12780701,12780707,12780731,12780743,12780763,12780797,12780809,12780827,12780869,12780871,12780877,12780881,12780883,12780907,12780917,12780931,12780941,12780949,12780973,12780983,12781007,12781009,12781049,12781063,12781081,12781103,12781117,12781159,12781183,12781187,12781193,12781267,12781271,12781291,12781303,12781313,12781337,12781339,12781343,12781361,12781367,12781411,12781421,12781423,12781429,12781441,12781451,12781453,12781459,12781487,12781507,12781511,12781541,12781553,12781567,12781589,12781607,12781609,12781619,12781631,12781649,12781669,12781723,12781753,12781763,12781771,12781781,12781799,12781817,12781823,12781843,12781849,12781861,12781871,12781877,12781891,12781897,12781903,12781907,12781919,12781931,12781939,12782009,12782017,12782027,12782047,12782053,12782071,12782087,12782101,12782129,12782153,12782177,12782183,12782213,12782219,12782233,12782239,12782251,12782267,12782303,12782311,12782333,12782339,12782377,12782431,12782467,12782479,12782513,12782599,12782629,12782639,12782647,12782659,12782683,12782689,12782701,12782713,12782717,12782741,12782761,12782767,12782789,12782807,12782831,12782851,12782867,12782873,12782879,12782893,12782897,12782921,12782933,12782941,12782947,12782983,12782989,12782993,12783007,12783011,12783037,12783041,12783049,12783077,12783091,12783119,12783137,12783139,12783151,12783161,12783187,12783203,12783217,12783223,12783283,12783293,12783299,12783307,12783319,12783347,12783359,12783361,12783367,12783383,12783401,12783451,12783457,12783493,12783497,12783499,12783503,12783557,12783559,12783569,12783571,12783593,12783647,12783649,12783679,12783697,12783703,12783721,12783731,12783737,12783761,12783769,12783773,12783817,12783839,12783851,12783853,12783863,12783877,12783887,12783889,12783899,12783913,12783919,12783931,12783973,12783977,12784007,12784033,12784043,12784091,12784097,12784111,12784117,12784133,12784139,12784147,12784151,12784199,12784217,12784229,12784231,12784243,12784249,12784259,12784301,12784313,12784339,12784361,12784363,12784379,12784393,12784399,12784403,12784427,12784433,12784451,12784489,12784523,12784547,12784567,12784609,12784613,12784633,12784637,12784643,12784687,12784727,12784747,12784771,12784787,12784789,12784817,12784823,12784829,12784831,12784843,12784847,12784897,12784909,12784921,12784949,12784951,12784991,12784999,12785011,12785021,12785023,12785053,12785089,12785093,12785099,12785107,12785131,12785189,12785197,12785203,12785209,12785221,12785249,12785257,12785273,12785303,12785327,12785351,12785369,12785389,12785407,12785413,12785419,12785449,12785459,12785483,12785501,12785503,12785519,12785527,12785579,12785587,12785593,12785603,12785621,12785627,12785653,12785681,12785693,12785701,12785711,12785741,12785753,12785761,12785767,12785771,12785777,12785779,12785789,12785807,12785813,12785821,12785863,12785867,12785869,12785933,12785939,12785951,12785957,12785963,12785987,12786001,12786017,12786019,12786029,12786049,12786061,12786089,12786097,12786101,12786119,12786121,12786133,12786139,12786157,12786161,12786181,12786211,12786217,12786239,12786253,12786269,12786281,12786283,12786311,12786331,12786379,12786391,12786427,12786439,12786451,12786457,12786467,12786469,12786479,12786493,12786509,12786511,12786559,12786581,12786583,12786611,12786619,12786649,12786691,12786707,12786721,12786743,12786751,12786799,12786817,12786847,12786863,12786871,12786889,12786901,12786913,12786937,12786947,12786959,12786979,12786997,12787001,12787051,12787067,12787091,12787109,12787127,12787147,12787153,12787157,12787183,12787189,12787207,12787267,12787279,12787301,12787319,12787321,12787331,12787351,12787373,12787391,12787393,12787409,12787421,12787427,12787429,12787441,12787447,12787499,12787501,12787547,12787571,12787573,12787633,12787639,12787667,12787693,12787721,12787763,12787781,12787783,12787799,12787823,12787843,12787867,12787877,12787889,12787897,12787919,12787937,12787981,12787993,12787997,12788003,12788021,12788033,12788053,12788057,12788093,12788099,12788117,12788119,12788123,12788129,12788177,12788179,12788221,12788227,12788239,12788249,12788257,12788261,12788263,12788327,12788339,12788353,12788389,12788401,12788411,12788429,12788431,12788453,12788459,12788473,12788497,12788513,12788527,12788543,12788563,12788579,12788593,12788603,12788609,12788617,12788639,12788669,12788683,12788689,12788707,12788719,12788801,12788857,12788863,12788869,12788873,12788891,12788933,12788959,12788977,12788999,12789031,12789037,12789047,12789061,12789097,12789121,12789149,12789163,12789167,12789181,12789187,12789191,12789197,12789209,12789229,12789233,12789241,12789263,12789269,12789289,12789307,12789323,12789331,12789341,12789347,12789349,12789373,12789397,12789401,12789409,12789419,12789433,12789461,12789463,12789467,12789473,12789479,12789503,12789571,12789599,12789611,12789617,12789631,12789649,12789659,12789677,12789683,12789703,12789709,12789737,12789757,12789761,12789767,12789769,12789773,12789811,12789823,12789857,12789859,12789871,12789883,12789893,12789911,12789919,12789943,12789947,12789971,12789977,12789979,12790007,12790009,12790027,12790039,12790061,12790091,12790109,12790147,12790159,12790163,12790177,12790199,12790241,12790301,12790333,12790339,12790361,12790381,12790399,12790411,12790423,12790429,12790451,12790471,12790487,12790489,12790499,12790529,12790559,12790571,12790577,12790597,12790601,12790621,12790639,12790699,12790703,12790733,12790753,12790763,12790793,12790807,12790847,12790853,12790859,12790889,12790901,12790913,12790927,12790931,12790949,12790951,12790957,12790961,12790963,12790993,12790997,12791033,12791039,12791087,12791113,12791131,12791137,12791173,12791183,12791201,12791227,12791231,12791249,12791257,12791263,12791281,12791297,12791299,12791309,12791323,12791333,12791341,12791353,12791393,12791399,12791413,12791417,12791423,12791459,12791483,12791489,12791533,12791539,12791543,12791563,12791587,12791591,12791593,12791621,12791627,12791659,12791671,12791687,12791773,12791777,12791789,12791797,12791819,12791833,12791869,12791873,12791893,12791951,12791969,12791981,12791983,12792011,12792049,12792053,12792067,12792079,12792083,12792089,12792107,12792151,12792173,12792179,12792191,12792217,12792229,12792251,12792253,12792257,12792259,12792271,12792323,12792331,12792337,12792359,12792361,12792379,12792389,12792401,12792407,12792419,12792421,12792427,12792431,12792463,12792467,12792469,12792473,12792499,12792523,12792547,12792581,12792613,12792631,12792641,12792679,12792727,12792743,12792749,12792751,12792763,12792797,12792803,12792809,12792811,12792817,12792839,12792847,12792869,12792877,12792889,12792893,12792907,12792917,12792919,12792929,12792931,12792937,12792961,12792971,12793007,12793021,12793051,12793063,12793093,12793117,12793199,12793217,12793223,12793229,12793237,12793243,12793247,12793279,12793283,12793301,12793303,12793307,12793337,12793343,12793351,12793387,12793393,12793409,12793411,12793423,12793433,12793457,12793463,12793477,12793499,12793513,12793519,12793549,12793559,12793577,12793579,12793597,12793603,12793609,12793663,12793687,12793691,12793709,12793751,12793757,12793801,12793811,12793817,12793849,12793871,12793873,12793889,12793931,12793933,12793943,12793961,12793969,12793981,12793993,12793997,12793999,12794027,12794039,12794051,12794059,12794069,12794071,12794077,12794083,12794099,12794101,12794113,12794123,12794137,12794167,12794189,12794207,12794213,12794261,12794269,12794281,12794297,12794303,12794317,12794329,12794333,12794363,12794389,12794393,12794461,12794471,12794477,12794479,12794497,12794503,12794519,12794531,12794627,12794633,12794641,12794671,12794701,12794731,12794737,12794753,12794759,12794767,12794797,12794807,12794813,12794819,12794827,12794833,12794843,12794849,12794921,12794927,12794941,12794959,12794963,12794989,12795023,12795043,12795047,12795053,12795059,12795073,12795091,12795109,12795121,12795131,12795137,12795143,12795179,12795187,12795193,12795241,12795269,12795311,12795319,12795361,12795427,12795437,12795439,12795443,12795449,12795463,12795479,12795481,12795487,12795491,12795499,12795511,12795547,12795557,12795617,12795623,12795677,12795689,12795697,12795733,12795767,12795779,12795799,12795829,12795847,12795851,12795859,12795877,12795907,12795919,12795941,12795943,12795947,12795967,12795973,12795997,12796001,12796009,12796033,12796037,12796039,12796081,12796103,12796109,12796111,12796123,12796151,12796159,12796169,12796181,12796187,12796207,12796213,12796219,12796247,12796271,12796309,12796313,12796321,12796351,12796363,12796391,12796403,12796417,12796423,12796439,12796447,12796463,12796471,12796477,12796507,12796513,12796547,12796559,12796573,12796577,12796601,12796607,12796613,12796621,12796639,12796649,12796673,12796703,12796711,12796723,12796727,12796739,12796781,12796787,12796813,12796829,12796853,12796867,12796871,12796877,12796897,12796907,12796909,12796921,12796943,12796957,12796981,12796991,12797063,12797069,12797087,12797117,12797143,12797171,12797173,12797219,12797231,12797237,12797249,12797261,12797297,12797299,12797303,12797333,12797347,12797353,12797357,12797383,12797417,12797423,12797437,12797459,12797467,12797471,12797479,12797503,12797509,12797527,12797563,12797567,12797569,12797593,12797599,12797611,12797623,12797627,12797633,12797639,12797641,12797669,12797713,12797717,12797731,12797777,12797797,12797801,12797809,12797833,12797879,12797881,12797891,12797899,12797927,12797929,12797951,12797971,12797987,12797989,12797999,12798007,12798029,12798031,12798043,12798067,12798073,12798101,12798113,12798131,12798151,12798173,12798187,12798197,12798199,12798217,12798223,12798259,12798283,12798293,12798299,12798301,12798311,12798323,12798341,12798347,12798353,12798371,12798397,12798413,12798421,12798427,12798449,12798463,12798469,12798479,12798491,12798509,12798547,12798551,12798587,12798589,12798607,12798613,12798623,12798641,12798661,12798727,12798733,12798757,12798767,12798791,12798817,12798829,12798839,12798853,12798881,12798887,12798901,12798949,12798967,12798979,12798983,12798991,12798997,12799009,12799021,12799043,12799051,12799067,12799091,12799097,12799123,12799133,12799139,12799159,12799177,12799183,12799207,12799219,12799223,12799229,12799231,12799261,12799273,12799277,12799279,12799291,12799301,12799307,12799313,12799321,12799333,12799349,12799361,12799363,12799399,12799417,12799459,12799517,12799529,12799541,12799573,12799607,12799627,12799639,12799649,12799693,12799723,12799727,12799729,12799733,12799741,12799763,12799769,12799781,12799783,12799811,12799819,12799837,12799847,12799867,12799877,12799889,12799907,12799909,12799921,12799957,12799973,12799981,12799987,12800009,12800017,12800041,12800063,12800071,12800087,12800131,12800147,12800153,12800171,12800173,12800191,12800209,12800237,12800239,12800251,12800267,12800279,12800287,12800299,12800311,12800327,12800329,12800341,12800353,12800387,12800407,12800419,12800429,12800453,12800467,12800503,12800533,12800537,12800549,12800573,12800597,12800611,12800621,12800647,12800653,12800657,12800659,12800663,12800707,12800729,12800741,12800743,12800771,12800783,12800791,12800797,12800831,12800833,12800849,12800891,12800929,12800941,12800951,12800969,12800981,12801013,12801031,12801049,12801067,12801083,12801101,12801121,12801127,12801157,12801161,12801163,12801167,12801199,12801203,12801241,12801247,12801259,12801293,12801311,12801319,12801331,12801337,12801359,12801361,12801367,12801377,12801413,12801443,12801449,12801457,12801479,12801533,12801541,12801559,12801563,12801571,12801577,12801589,12801637,12801647,12801661,12801689,12801703,12801751,12801773,12801781,12801793,12801809,12801821,12801829,12801863,12801911,12801913,12801923,12801947,12801967,12801983,12801989,12802033,12802043,12802063,12802073,12802091,12802117,12802121,12802123,12802147,12802171,12802177,12802193,12802199,12802201,12802213,12802243,12802289,12802313,12802331,12802357,12802397,12802399,12802403,12802417,12802423,12802429,12802441,12802451,12802453,12802459,12802463,12802483,12802487,12802529,12802553,12802567,12802571,12802579,12802583,12802607,12802609,12802613,12802631,12802681,12802709,12802759,12802763,12802781,12802793,12802799,12802817,12802831,12802883,12802897,12802901,12802919,12802931,12802939,12802943,12802961,12802987,12803009,12803033,12803039,12803047,12803071,12803083,12803101,12803113,12803137,12803171,12803173,12803179,12803213,12803237,12803243,12803281,12803291,12803327,12803347,12803393,12803407,12803423,12803447,12803449,12803459,12803477,12803489,12803491,12803503,12803509,12803537,12803561,12803569,12803611,12803653,12803657,12803671,12803677,12803683,12803729,12803741,12803779,12803783,12803789,12803797,12803803,12803851,12803863,12803867,12803897,12803909,12803933,12803951,12803963,12803969,12803977,12803983,12804007,12804019,12804041,12804061,12804107,12804137,12804151,12804173,12804191,12804193,12804229,12804251,12804269,12804277,12804287,12804289,12804293,12804301,12804317,12804343,12804359,12804367,12804371,12804373,12804377,12804397,12804401,12804403,12804433,12804439,12804443,12804481,12804487,12804509,12804523,12804527,12804529,12804551,12804569,12804599,12804607,12804661,12804667,12804703,12804707,12804709,12804719,12804731,12804733,12804739,12804749,12804761,12804769,12804773,12804787,12804793,12804809,12804811,12804817,12804851,12804877,12804907,12804919,12804931,12804949,12804977,12804983,12805007,12805027,12805033,12805049,12805061,12805073,12805081,12805087,12805127,12805129,12805141,12805147,12805187,12805193,12805217,12805229,12805237,12805279,12805307,12805313,12805337,12805339,12805343,12805349,12805417,12805421,12805423,12805427,12805453,12805459,12805469,12805477,12805493,12805517,12805519,12805523,12805543,12805579,12805603,12805609,12805613,12805621,12805627,12805673,12805679,12805691,12805693,12805699,12805703,12805711,12805717,12805721,12805729,12805739,12805747,12805757,12805763,12805789,12805799,12805813,12805823,12805831,12805841,12805847,12805853,12805861,12805901,12805921,12805937,12805967,12805973,12805993,12806041,12806077,12806099,12806111,12806113,12806141,12806161,12806173,12806191,12806201,12806203,12806249,12806257,12806267,12806273,12806327,12806351,12806357,12806369,12806383,12806393,12806407,12806411,12806413,12806449,12806459,12806467,12806471,12806489,12806527,12806531,12806533,12806557,12806587,12806597,12806617,12806621,12806641,12806657,12806683,12806707,12806713,12806749,12806861,12806863,12806873,12806881,12806887,12806891,12806903,12806923,12806939,12806957,12806971,12806977,12807013,12807019,12807049,12807089,12807107,12807127,12807131,12807139,12807169,12807181,12807191,12807203,12807209,12807229,12807233,12807317,12807337,12807373,12807413,12807419,12807427,12807449,12807461,12807467,12807469,12807479,12807491,12807497,12807517,12807523,12807541,12807551,12807563,12807583,12807601,12807607,12807623,12807643,12807671,12807677,12807713,12807721,12807727,12807737,12807791,12807799,12807857,12807859,12807869,12807871,12807943,12807959,12807961,12807973,12807983,12807989,12808009,12808039,12808049,12808057,12808063,12808091,12808093,12808097,12808099,12808129,12808141,12808151,12808181,12808183,12808193,12808219,12808241,12808283,12808291,12808319,12808321,12808357,12808373,12808379,12808381,12808387,12808469,12808483,12808501,12808511,12808513,12808519,12808529,12808583,12808589,12808619,12808637,12808661,12808721,12808739,12808751,12808777,12808801,12808819,12808843,12808847,12808853,12808891,12808903,12808937,12808949,12808951,12808979,12808997,12809003,12809009,12809023,12809047,12809053,12809057,12809101,12809117,12809119,12809129,12809131,12809149,12809191,12809221,12809281,12809299,12809317,12809327,12809351,12809359,12809491,12809497,12809513,12809539,12809557,12809593,12809609,12809611,12809627,12809633,12809647,12809701,12809711,12809717,12809747,12809759,12809761,12809791,12809809,12809813,12809843,12809869,12809879,12809921,12809957,12809963,12809969,12809983,12809987,12810013,12810023,12810041,12810043,12810053,12810071,12810073,12810079,12810121,12810143,12810169,12810191,12810209,12810211,12810229,12810247,12810263,12810269,12810271,12810283,12810293,12810311,12810323,12810331,12810337,12810349,12810353,12810377,12810383,12810397,12810407,12810433,12810437,12810439,12810451,12810463,12810481,12810521,12810527,12810529,12810557,12810559,12810569,12810583,12810607,12810619,12810631,12810647,12810667,12810709,12810727,12810757,12810767,12810773,12810799,12810821,12810829,12810857,12810881,12810899,12810913,12810949,12810961,12810971,12811009,12811049,12811061,12811063,12811079,12811103,12811109,12811151,12811157,12811163,12811177,12811189,12811223,12811231,12811237,12811241,12811259,12811261,12811289,12811297,12811303,12811313,12811321,12811327,12811333,12811343,12811349,12811363,12811369,12811373,12811397,12811399,12811423,12811457,12811459,12811471,12811481,12811493,12811499,12811511,12811541,12811543,12811553,12811559,12811571,12811577,12811597,12811607,12811661,12811679,12811691,12811697,12811699,12811703,12811717,12811741,12811753,12811787,12811789,12811811,12811847,12811853,12811867,12811873,12811889,12811907,12811927,12811933,12811937,12811957,12811961,12811973,12811987,12811991,12811993,12812057,12812071,12812077,12812087,12812117,12812119,12812123,12812143,12812147,12812179,12812183,12812197,12812227,12812243,12812291,12812297,12812329,12812333,12812347,12812353,12812363,12812389,12812411,12812413,12812417,12812419,12812473,12812489,12812491,12812497,12812531,12812537,12812539,12812549,12812563,12812567,12812621,12812629,12812647,12812663,12812687,12812689,12812699,12812729,12812749,12812777,12812791,12812801,12812819,12812831,12812851,12812861,12812893,12812963,12812981,12812993,12813023,12813037,12813083,12813091,12813109,12813131,12813149,12813161,12813167,12813169,12813173,12813181,12813217,12813253,12813263,12813301,12813329,12813337,12813343,12813349,12813373,12813377,12813379,12813403,12813413,12813487,12813497,12813517,12813523,12813557,12813569,12813587,12813589,12813601,12813629,12813637,12813641,12813643,12813649,12813653,12813667,12813677,12813701,12813707,12813761,12813791,12813833,12813839,12813841,12813859,12813883,12813887,12813893,12813901,12813917,12813929,12813959,12813973,12813979,12813989,12814019,12814051,12814063,12814079,12814093,12814097,12814111,12814117,12814147,12814157,12814159,12814169,12814171,12814187,12814199,12814223,12814237,12814261,12814267,12814273,12814327,12814337,12814339,12814343,12814349,12814391,12814423,12814457,12814471,12814507,12814513,12814517,12814537,12814541,12814547,12814561,12814567,12814579,12814601,12814631,12814649,12814679,12814709,12814717,12814733,12814751,12814771,12814793,12814801,12814847,12814853,12814871,12814883,12814937,12814969,12814993,12815017,12815027,12815041,12815053,12815081,12815087,12815107,12815111,12815113,12815119,12815137,12815149,12815167,12815171,12815191,12815207,12815221,12815227,12815237,12815249,12815251,12815261,12815267,12815269,12815281,12815293,12815317,12815353,12815417,12815423,12815437,12815447,12815471,12815489,12815503,12815533,12815581,12815597,12815609,12815611,12815641,12815659,12815681,12815683,12815687,12815689,12815701,12815717,12815723,12815729,12815731,12815743,12815783,12815797,12815813,12815833,12815837,12815839,12815843,12815851,12815857,12815867,12815923,12815969,12816017,12816029,12816043,12816053,12816059,12816061,12816071,12816077,12816109,12816131,12816137,12816143,12816163,12816169,12816179,12816191,12816211,12816247,12816257,12816259,12816269,12816277,12816337,12816341,12816343,12816373,12816389,12816409,12816421,12816437,12816439,12816449,12816457,12816473,12816481,12816491,12816499,12816523,12816553,12816569,12816577,12816581,12816607,12816667,12816677,12816679,12816703,12816719,12816731,12816737,12816751,12816821,12816841,12816851,12816863,12816871,12816877,12816883,12816889,12816907,12816917,12816931,12816949,12816953,12816959,12816971,12816977,12816989,12817027,12817069,12817073,12817081,12817087,12817093,12817111,12817117,12817151,12817177,12817213,12817307,12817339,12817349,12817367,12817369,12817373,12817421,12817459,12817471,12817481,12817517,12817529,12817531,12817547,12817549,12817579,12817589,12817591,12817619,12817627,12817631,12817639,12817657,12817661,12817667,12817687,12817697,12817733,12817757,12817759,12817769,12817781,12817801,12817807,12817811,12817823,12817841,12817853,12817859,12817867,12817897,12817907,12817921,12817933,12817943,12817967,12817979,12818053,12818059,12818063,12818081,12818083,12818093,12818101,12818111,12818123,12818161,12818173,12818177,12818189,12818191,12818227,12818231,12818233,12818249,12818297,12818329,12818341,12818347,12818353,12818387,12818401,12818417,12818431,12818447,12818471,12818473,12818503,12818513,12818543,12818557,12818563,12818569,12818591,12818599,12818621,12818623,12818653,12818669,12818671,12818677,12818699,12818713,12818737,12818747,12818789,12818791,12818807,12818849,12818851,12818879,12818887,12818929,12818933,12818941,12818959,12819007,12819017,12819041,12819061,12819067,12819077,12819083,12819137,12819179,12819181,12819197,12819329,12819341,12819379,12819383,12819397,12819403,12819407,12819413,12819419,12819439,12819449,12819451,12819463,12819467,12819497,12819503,12819517,12819551,12819607,12819613,12819619,12819641,12819643,12819659,12819679,12819691,12819707,12819739,12819743,12819773,12819841,12819857,12819869,12819881,12819899,12819907,12819923,12819929,12819941,12819953,12819959,12819967,12819971,12820009,12820033,12820037,12820043,12820061,12820099,12820121,12820127,12820133,12820151,12820201,12820211,12820219,12820229,12820243,12820259,12820289,12820303,12820337,12820343,12820351,12820369,12820373,12820427,12820481,12820487,12820529,12820531,12820547,12820559,12820583,12820603,12820631,12820657,12820679,12820681,12820693,12820699,12820711,12820723,12820727,12820747,12820783,12820789,12820799,12820811,12820817,12820849,12820853,12820879,12820883,12820889,12820891,12820909,12820937,12820961,12820963,12820979,12821021,12821027,12821047,12821059,12821087,12821117,12821119,12821141,12821153,12821227,12821261,12821273,12821287,12821293,12821299,12821311,12821317,12821329,12821357,12821359,12821377,12821381,12821399,12821401,12821411,12821423,12821437,12821449,12821461,12821477,12821491,12821503,12821521,12821527,12821531,12821533,12821551,12821579,12821581,12821617,12821623,12821629,12821659,12821663,12821671,12821681,12821687,12821701,12821717,12821729,12821747,12821761,12821801,12821803,12821843,12821891,12821899,12821933,12821953,12821957,12821969,12821989,12822001,12822011,12822037,12822059,12822067,12822071,12822079,12822083,12822101,12822107,12822113,12822133,12822151,12822179,12822181,12822191,12822193,12822203,12822269,12822281,12822287,12822289,12822317,12822323,12822349,12822361,12822371,12822373,12822413,12822451,12822479,12822503,12822517,12822521,12822541,12822571,12822577,12822581,12822599,12822619,12822631,12822637,12822659,12822679,12822713,12822731,12822763,12822781,12822787,12822827,12822829,12822847,12822851,12822863,12822877,12822881,12822899,12822911,12822917,12822941,12822973,12822989,12823009,12823021,12823033,12823039,12823051,12823079,12823093,12823099,12823123,12823141,12823147,12823177,12823189,12823193,12823207,12823211,12823229,12823241,12823247,12823267,12823277,12823301,12823319,12823333,12823357,12823379,12823409,12823411,12823427,12823441,12823453,12823469,12823477,12823487,12823493,12823507,12823511,12823513,12823519,12823541,12823607,12823609,12823619,12823633,12823639,12823649,12823687,12823703,12823717,12823747,12823751,12823753,12823757,12823777,12823781,12823787,12823799,12823817,12823819,12823859,12823871,12823891,12823901,12823907,12823913,12823919,12823927,12823961,12823963,12823973,12823981,12823999,12824017,12824027,12824029,12824033,12824047,12824051,12824059,12824083,12824093,12824101,12824117,12824131,12824153,12824167,12824197,12824209,12824219,12824243,12824249,12824263,12824303,12824309,12824321,12824323,12824347,12824353,12824387,12824389,12824447,12824453,12824473,12824491,12824519,12824543,12824551,12824597,12824599,12824611,12824627,12824683,12824689,12824723,12824729,12824741,12824743,12824767,12824789,12824797,12824807,12824821,12824837,12824849,12824857,12824863,12824881,12824891,12824899,12824909,12824927,12824947,12824951,12824957,12824969,12824971,12824983,12825011,12825017,12825023,12825037,12825083,12825107,12825143,12825149,12825179,12825181,12825217,12825229,12825233,12825269,12825271,12825287,12825317,12825331,12825359,12825403,12825419,12825427,12825431,12825451,12825469,12825493,12825517,12825557,12825577,12825581,12825583,12825587,12825607,12825619,12825623,12825647,12825679,12825691,12825707,12825713,12825733,12825737,12825763,12825773,12825809,12825811,12825821,12825823,12825853,12825913,12825929,12825949,12825959,12825961,12825977,12825979,12825991,12826001,12826003,12826031,12826067,12826081,12826097,12826141,12826171,12826193,12826199,12826237,12826243,12826259,12826267,12826271,12826277,12826301,12826321,12826327,12826379,12826391,12826397,12826421,12826459,12826469,12826493,12826507,12826523,12826543,12826549,12826553,12826609,12826621,12826631,12826643,12826651,12826669,12826699,12826717,12826733,12826741,12826747,12826763,12826799,12826811,12826819,12826859,12826861,12826871,12826889,12826909,12826921,12826937,12826951,12826981,12826999,12827021,12827041,12827047,12827063,12827081,12827107,12827159,12827161,12827179,12827189,12827203,12827209,12827233,12827237,12827239,12827257,12827279,12827281,12827291,12827293,12827317,12827327,12827329,12827363,12827387,12827393,12827407,12827411,12827443,12827461,12827473,12827497,12827501,12827509,12827513,12827531,12827539,12827557,12827561,12827579,12827609,12827627,12827653,12827669,12827693,12827713,12827719,12827729,12827743,12827747,12827761,12827797,12827807,12827821,12827827,12827849,12827891,12827897,12827917,12827921,12827923,12827953,12827963,12827977,12827981,12827987,12827989,12827993,12828001,12828007,12828031,12828037,12828073,12828077,12828083,12828091,12828103,12828113,12828119,12828139,12828161,12828187,12828197,12828223,12828253,12828259,12828271,12828293,12828317,12828331,12828377,12828407,12828427,12828461,12828463,12828481,12828499,12828511,12828539,12828559,12828581,12828587,12828593,12828601,12828611,12828619,12828623,12828631,12828649,12828661,12828679,12828689,12828707,12828709,12828713,12828719,12828721,12828757,12828763,12828769,12828787,12828793,12828797,12828799,12828811,12828821,12828833,12828839,12828841,12828847,12828853,12828911,12828913,12828923,12828943,12828983,12828989,12828997,12829013,12829027,12829031,12829039,12829087,12829097,12829129,12829139,12829163,12829171,12829177,12829181,12829207,12829211,12829217,12829247,12829249,12829259,12829273,12829301,12829303,12829379,12829387,12829391,12829451,12829457,12829471,12829483,12829489,12829493,12829501,12829519,12829549,12829573,12829601,12829643,12829651,12829669,12829673,12829709,12829711,12829717,12829721,12829741,12829757,12829793,12829801,12829819,12829829,12829841,12829847,12829879,12829889,12829909,12829933,12829937,12829961,12829967,12829987,12829991,12830011,12830023,12830029,12830033,12830047,12830101,12830119,12830143,12830161,12830173,12830203,12830243,12830269,12830273,12830303,12830309,12830327,12830347,12830351,12830353,12830369,12830437,12830449,12830471,12830473,12830479,12830501,12830509,12830513,12830537,12830551,12830561,12830569,12830591,12830593,12830617,12830633,12830639,12830651,12830659,12830669,12830677,12830689,12830693,12830707,12830729,12830743,12830747,12830761,12830771,12830791,12830821,12830879,12830911,12830921,12830933,12830957,12830959,12830999,12831001,12831029,12831043,12831059,12831067,12831083,12831097,12831127,12831131,12831149,12831173,12831211,12831223,12831227,12831293,12831307,12831317,12831331,12831337,12831347,12831359,12831361,12831383,12831391,12831407,12831419,12831439,12831449,12831457,12831461,12831463,12831487,12831491,12831499,12831509,12831529,12831541,12831607,12831619,12831641,12831653,12831661,12831667,12831701,12831739,12831743,12831757,12831781,12831809,12831817,12831823,12831827,12831857,12831869,12831881,12831887,12831911,12831913,12831919,12831937,12831961,12831967,12831983,12832003,12832019,12832031,12832037,12832051,12832067,12832111,12832147,12832153,12832177,12832187,12832199,12832213,12832217,12832219,12832223,12832241,12832247,12832271,12832273,12832279,12832283,12832289,12832301,12832333,12832343,12832349,12832373,12832411,12832423,12832483,12832487,12832493,12832507,12832511,12832513,12832531,12832541,12832553,12832571,12832583,12832591,12832607,12832649,12832661,12832669,12832691,12832697,12832741,12832759,12832801,12832811,12832817,12832823,12832829,12832843,12832849,12832861,12832867,12832871,12832901,12832903,12832921,12832933,12832957,12832973,12833033,12833053,12833059,12833063,12833069,12833077,12833083,12833087,12833089,12833129,12833137,12833159,12833237,12833239,12833243,12833251,12833263,12833269,12833273,12833279,12833281,12833291,12833299,12833309,12833323,12833329,12833347,12833357,12833383,12833441,12833459,12833489,12833501,12833507,12833537,12833539,12833549,12833567,12833591,12833593,12833603,12833617,12833647,12833663,12833699,12833719,12833741,12833771,12833789,12833869,12833879,12833893,12833941,12833957,12833981,12833983,12833993,12833999,12834001,12834013,12834047,12834053,12834071,12834083,12834127,12834181,12834187,12834191,12834193,12834197,12834221,12834229,12834247,12834251,12834257,12834281,12834293,12834313,12834331,12834347,12834359,12834377,12834397,12834401,12834407,12834433,12834469,12834491,12834499,12834509,12834551,12834607,12834611,12834623,12834629,12834649,12834673,12834707,12834737,12834751,12834761,12834781,12834793,12834799,12834817,12834821,12834839,12834841,12834853,12834863,12834889,12834911,12834929,12834931,12834947,12834953,12834959,12834977,12835003,12835007,12835019,12835021,12835033,12835049,12835057,12835061,12835073,12835093,12835103,12835111,12835117,12835129,12835133,12835157,12835177,12835201,12835213,12835223,12835259,12835267,12835283,12835397,12835409,12835421,12835439,12835441,12835463,12835477,12835481,12835499,12835523,12835531,12835547,12835549,12835567,12835573,12835577,12835597,12835639,12835651,12835687,12835709,12835721,12835729,12835751,12835769,12835789,12835807,12835813,12835819,12835831,12835843,12835883,12835897,12835919,12835931,12835939,12835943,12835961,12836023,12836027,12836051,12836053,12836063,12836069,12836111,12836119,12836141,12836143,12836147,12836149,12836179,12836189,12836221,12836227,12836249,12836251,12836261,12836273,12836287,12836333,12836347,12836353,12836363,12836371,12836389,12836401,12836431,12836437,12836459,12836491,12836497,12836503,12836543,12836557,12836561,12836617,12836633,12836693,12836713,12836741,12836753,12836777,12836801,12836809,12836827,12836839,12836851,12836861,12836867,12836869,12836899,12836909,12836911,12836927,12836933,12836953,12836987,12837001,12837017,12837031,12837047,12837073,12837079,12837089,12837101,12837107,12837191,12837203,12837229,12837233,12837241,12837247,12837259,12837277,12837299,12837337,12837353,12837371,12837373,12837437,12837463,12837479,12837491,12837493,12837509,12837523,12837547,12837563,12837569,12837571,12837577,12837593,12837599,12837637,12837641,12837647,12837653,12837661,12837667,12837709,12837719,12837731,12837739,12837743,12837757,12837761,12837763,12837809,12837821,12837823,12837833,12837871,12837883,12837893,12837917,12837931,12837947,12837949,12837953,12837971,12837973,12837991,12837997,12838013,12838051,12838057,12838079,12838103,12838109,12838127,12838139,12838141,12838151,12838153,12838159,12838169,12838187,12838193,12838201,12838219,12838237,12838249,12838253,12838261,12838279,12838327,12838337,12838373,12838409,12838411,12838429,12838477,12838481,12838493,12838513,12838537,12838541,12838549,12838559,12838571,12838591,12838597,12838601,12838613,12838627,12838643,12838649,12838691,12838733,12838739,12838747,12838751,12838753,12838759,12838801,12838877,12838907,12838913,12838921,12838933,12838937,12838951,12838979,12838993,12838997,12839011,12839023,12839087,12839089,12839093,12839107,12839119,12839137,12839147,12839149,12839201,12839213,12839243,12839249,12839261,12839263,12839279,12839287,12839293,12839357,12839371,12839381,12839401,12839419,12839429,12839443,12839447,12839467,12839483,12839501,12839509,12839513,12839527,12839537,12839551,12839557,12839579,12839581,12839587,12839609,12839627,12839657,12839677,12839689,12839693,12839699,12839719,12839747,12839753,12839767,12839803,12839809,12839857,12839861,12839863,12839867,12839903,12839909,12839927,12839933,12839963,12839971,12839989,12840001,12840007,12840013,12840019,12840031,12840089,12840103,12840109,12840131,12840133,12840193,12840203,12840211,12840241,12840281,12840283,12840299,12840307,12840313,12840319,12840323,12840337,12840343,12840361,12840367,12840383,12840391,12840427,12840461,12840473,12840493,12840539,12840547,12840551,12840571,12840613,12840631,12840643,12840677,12840679,12840689,12840691,12840697,12840743,12840761,12840769,12840781,12840791,12840799,12840811,12840833,12840859,12840871,12840911,12840931,12840943,12840953,12841007,12841021,12841033,12841043,12841057,12841063,12841067,12841079,12841091,12841139,12841193,12841201,12841217,12841259,12841277,12841289,12841313,12841327,12841333,12841343,12841363,12841369,12841393,12841417,12841447,12841453,12841459,12841463,12841489,12841523,12841559,12841571,12841583,12841589,12841601,12841637,12841643,12841667,12841679,12841711,12841723,12841727,12841729,12841747,12841753,12841771,12841811,12841813,12841861,12841879,12841883,12841909,12841921,12841943,12841949,12841973,12841991,12842023,12842047,12842051,12842069,12842083,12842107,12842173,12842177,12842183,12842189,12842201,12842209,12842237,12842279,12842287,12842311,12842317,12842321,12842363,12842371,12842383,12842387,12842407,12842411,12842437,12842491,12842503,12842519,12842521,12842539,12842561,12842567,12842581,12842591,12842603,12842623,12842629,12842647,12842653,12842657,12842659,12842699,12842719,12842729,12842771,12842777,12842779,12842783,12842807,12842813,12842821,12842831,12842833,12842849,12842861,12842887,12842923,12842927,12842941,12842953,12842957,12842971,12842981,12842983,12842987,12842989,12843011,12843037,12843043,12843049,12843073,12843097,12843101,12843113,12843121,12843133,12843137,12843151,12843191,12843203,12843227,12843247,12843253,12843277,12843287,12843307,12843319,12843343,12843377,12843409,12843421,12843451,12843529,12843539,12843553,12843557,12843569,12843599,12843647,12843689,12843731,12843749,12843763,12843767,12843841,12843851,12843869,12843871,12843877,12843907,12843917,12843937,12843953,12843973,12843983,12843991,12844003,12844021,12844031,12844049,12844063,12844067,12844087,12844093,12844103,12844109,12844121,12844127,12844151,12844201,12844243,12844253,12844259,12844283,12844297,12844309,12844313,12844331,12844339,12844379,12844393,12844417,12844421,12844441,12844453,12844459,12844463,12844483,12844519,12844529,12844547,12844549,12844553,12844567,12844609,12844613,12844621,12844631,12844679,12844687,12844691,12844697,12844739,12844753,12844763,12844781,12844789,12844807,12844813,12844841,12844859,12844873,12844901,12844903,12844913,12844933,12844939,12844961,12844981,12844987,12845033,12845069,12845071,12845101,12845113,12845123,12845137,12845167,12845171,12845221,12845227,12845237,12845263,12845279,12845291,12845309,12845351,12845369,12845381,12845383,12845411,12845449,12845453,12845461,12845471,12845491,12845509,12845513,12845537,12845543,12845561,12845597,12845611,12845639,12845641,12845647,12845681,12845683,12845713,12845717,12845719,12845731,12845743,12845773,12845783,12845797,12845803,12845809,12845821,12845831,12845837,12845839,12845849,12845879,12845909,12845939,12845951,12845969,12846007,12846017,12846019,12846049,12846061,12846073,12846083,12846131,12846133,12846137,12846143,12846151,12846191,12846199,12846209,12846221,12846227,12846233,12846257,12846283,12846319,12846329,12846331,12846343,12846347,12846359,12846367,12846377,12846401,12846403,12846409,12846419,12846433,12846439,12846473,12846481,12846499,12846517,12846521,12846541,12846563,12846569,12846593,12846599,12846607,12846619,12846629,12846643,12846649,12846667,12846683,12846689,12846697,12846707,12846709,12846731,12846751,12846763,12846773,12846787,12846791,12846833,12846859,12846871,12846877,12846887,12846893,12846919,12846931,12846937,12846941,12846979,12846991,12846997,12847001,12847007,12847031,12847057,12847069,12847111,12847117,12847139,12847187,12847201,12847267,12847273,12847277,12847279,12847283,12847313,12847327,12847333,12847337,12847349,12847369,12847381,12847397,12847433,12847441,12847453,12847507,12847511,12847531,12847559,12847567,12847589,12847603,12847613,12847619,12847633,12847651,12847673,12847697,12847717,12847727,12847741,12847771,12847837,12847847,12847859,12847871,12847921,12847931,12847943,12847993,12847999,12848021,12848023,12848027,12848029,12848041,12848051,12848057,12848081,12848093,12848113,12848119,12848153,12848159,12848179,12848183,12848197,12848221,12848233,12848261,12848263,12848273,12848299,12848309,12848321,12848333,12848347,12848359,12848377,12848383,12848387,12848393,12848399,12848417,12848431,12848461,12848471,12848497,12848543,12848551,12848557,12848567,12848573,12848587,12848597,12848599,12848603,12848609,12848623,12848659,12848669,12848677,12848681,12848683,12848729,12848747,12848749,12848767,12848777,12848809,12848837,12848839,12848863,12848893,12848897,12848903,12848909,12848933,12848939,12848947,12848951,12848987,12848989,12849007,12849013,12849017,12849041,12849047,12849061,12849071,12849077,12849107,12849121,12849139,12849163,12849173,12849181,12849191,12849227,12849253,12849257,12849259,12849281,12849289,12849293,12849307,12849311,12849329,12849337,12849401,12849409,12849437,12849449,12849451,12849503,12849511,12849517,12849527,12849539,12849541,12849601,12849607,12849623,12849649,12849653,12849673,12849677,12849701,12849703,12849713,12849721,12849761,12849763,12849791,12849799,12849817,12849827,12849829,12849839,12849853,12849857,12849869,12849883,12849899,12849911,12849913,12849919,12849923,12849937,12849953,12849959,12849973,12850039,12850043,12850049,12850051,12850069,12850073,12850091,12850093,12850121,12850139,12850153,12850171,12850193,12850217,12850273,12850291,12850339,12850349,12850363,12850381,12850391,12850417,12850423,12850429,12850459,12850477,12850499,12850511,12850543,12850571,12850573,12850597,12850601,12850619,12850627,12850639,12850661,12850703,12850711,12850727,12850769,12850777,12850811,12850853,12850879,12850883,12850907,12850909,12850913,12850919,12850939,12850979,12851029,12851039,12851051,12851057,12851063,12851077,12851093,12851107,12851117,12851119,12851129,12851131,12851141,12851161,12851171,12851177,12851197,12851219,12851233,12851249,12851261,12851309,12851317,12851323,12851339,12851347,12851357,12851359,12851369,12851383,12851389,12851401,12851417,12851479,12851513,12851533,12851537,12851551,12851561,12851567,12851569,12851591,12851593,12851621,12851659,12851681,12851717,12851719,12851749,12851753,12851767,12851777,12851791,12851831,12851837,12851849,12851851,12851897,12851903,12851929,12851933,12851939,12851977,12851981,12852001,12852041,12852067,12852071,12852109,12852121,12852137,12852139,12852143,12852157,12852163,12852173,12852179,12852233,12852241,12852251,12852253,12852263,12852271,12852317,12852319,12852337,12852347,12852353,12852361,12852373,12852419,12852421,12852473,12852503,12852509,12852563,12852601,12852611,12852617,12852673,12852701,12852751,12852767,12852769,12852779,12852787,12852793,12852809,12852841,12852863,12852869,12852877,12852881,12852893,12852899,12852919,12852923,12852937,12852943,12852971,12852997,12853019,12853033,12853069,12853081,12853109,12853117,12853121,12853123,12853129,12853133,12853147,12853151,12853163,12853199,12853223,12853229,12853261,12853279,12853301,12853303,12853307,12853331,12853333,12853339,12853363,12853387,12853403,12853417,12853429,12853439,12853457,12853471,12853483,12853531,12853553,12853559,12853571,12853579,12853597,12853601,12853657,12853693,12853697,12853703,12853721,12853733,12853739,12853759,12853793,12853807,12853817,12853843,12853847,12853877,12853963,12853969,12853979,12853991,12854021,12854027,12854029,12854041,12854069,12854117,12854123,12854129,12854131,12854141,12854147,12854167,12854173,12854183,12854209,12854251,12854267,12854273,12854287,12854311,12854323,12854333,12854339,12854353,12854357,12854381,12854383,12854407,12854411,12854417,12854441,12854449,12854483,12854509,12854521,12854551,12854557,12854561,12854593,12854599,12854603,12854609,12854623,12854657,12854663,12854683,12854693,12854707,12854711,12854719,12854729,12854741,12854747,12854759,12854761,12854819,12854827,12854833,12854837,12854851,12854869,12854903,12854921,12854929,12854939,12854951,12854969,12854971,12855013,12855023,12855041,12855053,12855061,12855103,12855107,12855127,12855131,12855187,12855211,12855217,12855221,12855233,12855239,12855251,12855259,12855277,12855287,12855307,12855329,12855341,12855347,12855371,12855377,12855389,12855407,12855449,12855463,12855481,12855503,12855511,12855527,12855529,12855589,12855593,12855617,12855677,12855679,12855683,12855697,12855707,12855719,12855721,12855751,12855767,12855797,12855809,12855823,12855833,12855851,12855877,12855883,12855889,12855901,12855929,12855937,12855967,12855977,12856007,12856009,12856013,12856021,12856033,12856037,12856069,12856073,12856079,12856091,12856099,12856133,12856153,12856163,12856169,12856171,12856187,12856201,12856211,12856219,12856231,12856237,12856253,12856271,12856273,12856321,12856339,12856373,12856387,12856399,12856423,12856447,12856453,12856469,12856489,12856499,12856507,12856523,12856549,12856553,12856567,12856579,12856589,12856601,12856603,12856621,12856639,12856643,12856651,12856667,12856681,12856691,12856693,12856703,12856721,12856729,12856741,12856757,12856759,12856813,12856849,12856859,12856861,12856873,12856891,12856933,12856969,12856999,12857003,12857017,12857021,12857057,12857071,12857077,12857087,12857107,12857113,12857123,12857137,12857147,12857209,12857239,12857267,12857279,12857297,12857333,12857347,12857381,12857407,12857413,12857431,12857443,12857489,12857503,12857513,12857521,12857549,12857557,12857567,12857569,12857573,12857609,12857629,12857651,12857659,12857711,12857771,12857791,12857827,12857843,12857857,12857881,12857891,12857893,12857909,12857941,12857951,12857953,12857983,12858017,12858061,12858067,12858077,12858091,12858163,12858179,12858187,12858191,12858217,12858221,12858227,12858229,12858233,12858257,12858271,12858299,12858317,12858319,12858323,12858331,12858337,12858343,12858347,12858367,12858389,12858407,12858413,12858427,12858431,12858437,12858467,12858493,12858509,12858523,12858533,12858553,12858557,12858569,12858607,12858641,12858653,12858661,12858719,12858737,12858743,12858757,12858767,12858773,12858787,12858827,12858847,12858883,12858887,12858929,12858947,12858949,12858959,12858971,12858997,12859003,12859031,12859039,12859043,12859051,12859069,12859073,12859081,12859087,12859097,12859127,12859163,12859177,12859183,12859201,12859207,12859211,12859229,12859271,12859283,12859289,12859303,12859321,12859331,12859351,12859381,12859411,12859417,12859433,12859453,12859481,12859487,12859543,12859547,12859577,12859589,12859601,12859631,12859643,12859657,12859661,12859687,12859697,12859723,12859727,12859787,12859793,12859799,12859807,12859813,12859841,12859853,12859879,12859883,12859901,12859907,12859919,12859933,12859949,12859961,12859997,12860033,12860051,12860069,12860077,12860087,12860117,12860119,12860129,12860153,12860179,12860219,12860227,12860261,12860273,12860293,12860299,12860317,12860329,12860333,12860363,12860371,12860377,12860387,12860399,12860413,12860453,12860459,12860461,12860467,12860479,12860501,12860531,12860539,12860557,12860579,12860581,12860591,12860597,12860599,12860623,12860669,12860693,12860699,12860711,12860723,12860747,12860759,12860791,12860797,12860803,12860807,12860819,12860831,12860843,12860873,12860893,12860899,12860917,12860951,12860977,12861029,12861041,12861047,12861049,12861059,12861091,12861097,12861103,12861109,12861113,12861131,12861137,12861143,12861161,12861169,12861203,12861217,12861223,12861227,12861229,12861241,12861259,12861269,12861281,12861287,12861313,12861319,12861323,12861337,12861341,12861349,12861361,12861377,12861379,12861391,12861397,12861403,12861419,12861421,12861427,12861463,12861467,12861481,12861493,12861517,12861553,12861557,12861581,12861599,12861631,12861637,12861701,12861731,12861743,12861767,12861769,12861787,12861791,12861817,12861847,12861857,12861887,12861889,12861949,12861983,12861997,12862007,12862009,12862019,12862021,12862039,12862049,12862097,12862111,12862121,12862133,12862153,12862163,12862169,12862193,12862207,12862211,12862219,12862229,12862231,12862237,12862247,12862253,12862301,12862307,12862309,12862337,12862351,12862357,12862393,12862439,12862441,12862453,12862463,12862469,12862477,12862481,12862483,12862511,12862567,12862583,12862609,12862621,12862627,12862651,12862657,12862679,12862691,12862699,12862739,12862757,12862769,12862777,12862781,12862789,12862823,12862831,12862847,12862849,12862873,12862901,12862933,12862951,12862963,12863023,12863027,12863041,12863051,12863077,12863083,12863089,12863099,12863113,12863117,12863173,12863177,12863251,12863261,12863281,12863287,12863293,12863297,12863303,12863351,12863353,12863359,12863369,12863377,12863393,12863413,12863429,12863453,12863467,12863479,12863483,12863507,12863527,12863537,12863561,12863569,12863573,12863623,12863633,12863657,12863671,12863681,12863687,12863689,12863699,12863723,12863737,12863743,12863749,12863771,12863777,12863801,12863803,12863813,12863819,12863839,12863867,12863869,12863881,12863891,12863897,12863927,12863941,12863953,12863989,12863999,12864013,12864031,12864077,12864079,12864091,12864097,12864127,12864167,12864179,12864191,12864209,12864217,12864227,12864233,12864251,12864263,12864307,12864329,12864343,12864361,12864373,12864389,12864403,12864407,12864409,12864413,12864421,12864443,12864457,12864479,12864491,12864499,12864517,12864541,12864559,12864569,12864581,12864583,12864617,12864623,12864667,12864671,12864679,12864701,12864707,12864739,12864749,12864757,12864763,12864791,12864823,12864827,12864829,12864833,12864851,12864853,12864877,12864899,12864941,12864947,12864949,12864959,12864967,12864983,12864989,12864997,12865001,12865003,12865019,12865057,12865063,12865087,12865091,12865121,12865123,12865133,12865157,12865189,12865199,12865247,12865253,12865289,12865297,12865309,12865313,12865319,12865331,12865361,12865367,12865373,12865393,12865399,12865409,12865417,12865429,12865439,12865469,12865477,12865493,12865499,12865519,12865537,12865543,12865553,12865613,12865631,12865663,12865667,12865681,12865687,12865709,12865711,12865757,12865771,12865813,12865829,12865843,12865859,12865871,12865883,12865927,12865939,12865967,12865969,12865997,12865999,12866011,12866041,12866069,12866083,12866089,12866101,12866129,12866137,12866149,12866167,12866171,12866179,12866197,12866213,12866219,12866261,12866279,12866281,12866309,12866311,12866339,12866351,12866353,12866369,12866377,12866387,12866389,12866393,12866423,12866461,12866473,12866537,12866551,12866561,12866573,12866593,12866599,12866611,12866617,12866627,12866647,12866681,12866717,12866719,12866741,12866753,12866771,12866783,12866801,12866803,12866827,12866831,12866851,12866869,12866873,12866879,12866899,12866911,12866929,12866939,12866941,12866947,12866957,12866983,12866999,12867007,12867017,12867031,12867059,12867089,12867103,12867131,12867187,12867209,12867223,12867227,12867229,12867247,12867269,12867289,12867301,12867307,12867311,12867319,12867343,12867367,12867391,12867403,12867409,12867431,12867433,12867443,12867457,12867467,12867469,12867473,12867493,12867497,12867509,12867577,12867581,12867583,12867587,12867593,12867607,12867611,12867629,12867661,12867667,12867683,12867719,12867721,12867761,12867779,12867781,12867791,12867797,12867839,12867847,12867853,12867857,12867859,12867863,12867871,12867901,12867931,12867941,12867977,12868003,12868013,12868027,12868039,12868103,12868123,12868147,12868157,12868169,12868181,12868211,12868217,12868283,12868291,12868307,12868319,12868321,12868333,12868343,12868363,12868381,12868393,12868399,12868411,12868423,12868451,12868463,12868469,12868483,12868487,12868501,12868517,12868543,12868561,12868571,12868577,12868579,12868591,12868607,12868613,12868651,12868657,12868697,12868727,12868729,12868781,12868787,12868811,12868829,12868841,12868861,12868879,12868883,12868897,12868913,12868927,12868931,12868939,12868943,12868979,12868991,12869033,12869041,12869053,12869057,12869063,12869071,12869111,12869141,12869147,12869149,12869161,12869173,12869177,12869191,12869201,12869209,12869237,12869239,12869261,12869267,12869273,12869299,12869333,12869347,12869387,12869393,12869411,12869413,12869429,12869453,12869473,12869501,12869509,12869537,12869567,12869573,12869603,12869609,12869651,12869657,12869671,12869699,12869713,12869749,12869807,12869809,12869837,12869851,12869861,12869873,12869891,12869893,12869933,12869951,12869971,12869981,12869993,12870001,12870007,12870017,12870031,12870047,12870079,12870089,12870101,12870103,12870107,12870157,12870161,12870167,12870199,12870203,12870217,12870227,12870233,12870259,12870289,12870293,12870311,12870313,12870337,12870349,12870359,12870371,12870401,12870421,12870449,12870457,12870469,12870493,12870497,12870511,12870521,12870541,12870551,12870553,12870563,12870569,12870607,12870617,12870623,12870629,12870647,12870653,12870661,12870691,12870701,12870721,12870749,12870763,12870773,12870779,12870799,12870827,12870839,12870841,12870863,12870877,12870899,12870919,12870941,12870943,12870947,12870959,12870967,12870971,12870973,12871009,12871021,12871031,12871043,12871049,12871051,12871063,12871073,12871081,12871097,12871109,12871129,12871181,12871207,12871241,12871247,12871259,12871291,12871297,12871307,12871321,12871333,12871361,12871367,12871387,12871399,12871409,12871423,12871429,12871451,12871471,12871487,12871489,12871501,12871511,12871543,12871583,12871591,12871613,12871627,12871631,12871637,12871643,12871657,12871673,12871709,12871741,12871751,12871753,12871757,12871763,12871777,12871787,12871799,12871811,12871841,12871849,12871877,12871891,12871933,12872003,12872021,12872029,12872039,12872047,12872059,12872071,12872081,12872117,12872131,12872141,12872149,12872173,12872183,12872227,12872231,12872239,12872287,12872303,12872311,12872333,12872357,12872393,12872413,12872423,12872429,12872441,12872449,12872473,12872507,12872569,12872581,12872591,12872597,12872611,12872627,12872653,12872681,12872683,12872687,12872701,12872711,12872731,12872749,12872759,12872767,12872807,12872809,12872831,12872833,12872863,12872869,12872879,12872887,12872933,12872941,12872947,12872957,12872963,12872983,12872987,12872999,12873019,12873041,12873059,12873067,12873079,12873083,12873149,12873163,12873173,12873181,12873191,12873193,12873197,12873229,12873271,12873319,12873337,12873391,12873407,12873409,12873433,12873439,12873457,12873461,12873473,12873481,12873499,12873517,12873527,12873547,12873551,12873559,12873571,12873589,12873599,12873611,12873673,12873683,12873689,12873691,12873703,12873733,12873781,12873787,12873793,12873797,12873799,12873803,12873823,12873827,12873841,12873853,12873857,12873869,12873871,12873943,12874007,12874009,12874019,12874031,12874051,12874079,12874087,12874091,12874159,12874163,12874171,12874201,12874223,12874237,12874247,12874259,12874291,12874327,12874339,12874357,12874361,12874387,12874391,12874403,12874417,12874427,12874439,12874441,12874453,12874469,12874481,12874493,12874513,12874523,12874529,12874573,12874583,12874607,12874619,12874633,12874657,12874669,12874681,12874717,12874751,12874769,12874777,12874781,12874783,12874793,12874847,12874859,12874903,12874949,12874973,12874987,12874991,12874993,12875003,12875021,12875059,12875081,12875111,12875113,12875129,12875167,12875173,12875221,12875243,12875249,12875251,12875279,12875281,12875287,12875327,12875339,12875381,12875399,12875411,12875419,12875441,12875459,12875491,12875497,12875503,12875531,12875539,12875543,12875549,12875557,12875617,12875669,12875677,12875689,12875761,12875771,12875777,12875789,12875803,12875839,12875857,12875869,12875879,12875893,12875899,12875903,12875911,12875917,12875969,12875981,12876001,12876013,12876043,12876047,12876079,12876103,12876137,12876139,12876151,12876161,12876163,12876179,12876181,12876211,12876229,12876239,12876257,12876271,12876277,12876287,12876299,12876301,12876313,12876323,12876329,12876349,12876379,12876401,12876467,12876469,12876473,12876491,12876503,12876517,12876533,12876541,12876557,12876559,12876569,12876581,12876587,12876593,12876601,12876607,12876613,12876641,12876649,12876659,12876671,12876683,12876707,12876709,12876713,12876739,12876779,12876781,12876791,12876833,12876839,12876859,12876863,12876887,12876923,12876937,12876943,12876953,12876959,12876961,12876977,12876979,12876989,12877001,12877009,12877021,12877031,12877037,12877061,12877069,12877097,12877159,12877181,12877213,12877219,12877223,12877229,12877243,12877259,12877261,12877289,12877301,12877331,12877373,12877379,12877391,12877393,12877409,12877427,12877433,12877451,12877477,12877507,12877523,12877547,12877561,12877583,12877603,12877637,12877661,12877703,12877727,12877757,12877807,12877831,12877847,12877883,12877897,12877951,12877957,12877973,12877979,12877981,12878017,12878039,12878053,12878069,12878081,12878083,12878101,12878111,12878119,12878123,12878147,12878153,12878161,12878171,12878179,12878189,12878213,12878227,12878267,12878287,12878297,12878303,12878339,12878347,12878357,12878377,12878431,12878483,12878491,12878519,12878521,12878531,12878563,12878603,12878669,12878681,12878687,12878699,12878729,12878737,12878743,12878753,12878771,12878773,12878777,12878779,12878783,12878839,12878851,12878863,12878881,12878891,12878927,12878963,12878969,12878977,12878989,12879007,12879019,12879023,12879037,12879049,12879067,12879079,12879089,12879091,12879107,12879109,12879121,12879137,12879151,12879179,12879199,12879221,12879239,12879247,12879253,12879257,12879259,12879301,12879311,12879313,12879337,12879389,12879407,12879409,12879437,12879439,12879481,12879487,12879497,12879499,12879521,12879547,12879553,12879569,12879593,12879619,12879623,12879649,12879667,12879679,12879707,12879721,12879733,12879749,12879773,12879827,12879851,12879859,12879883,12879887,12879913,12879941,12879943,12879947,12879983,12880001,12880003,12880009,12880019,12880061,12880093,12880099,12880103,12880117,12880121,12880129,12880139,12880151,12880171,12880183,12880187,12880199,12880201,12880247,12880261,12880267,12880277,12880279,12880289,12880291,12880319,12880331,12880337,12880393,12880409,12880411,12880447,12880457,12880471,12880487,12880501,12880513,12880523,12880559,12880589,12880649,12880657,12880691,12880709,12880711,12880723,12880729,12880739,12880741,12880783,12880787,12880793,12880811,12880823,12880831,12880859,12880913,12880919,12880927,12880949,12880979,12880997,12880999,12881023,12881041,12881047,12881051,12881117,12881119,12881131,12881137,12881161,12881171,12881177,12881203,12881207,12881251,12881273,12881299,12881329,12881347,12881369,12881371,12881387,12881417,12881419,12881441,12881471,12881501,12881521,12881537,12881543,12881551,12881579,12881581,12881599,12881629,12881657,12881663,12881669,12881689,12881711,12881719,12881741,12881773,12881777,12881779,12881783,12881789,12881839,12881899,12881917,12881923,12881941,12881959,12881963,12881969,12881987,12881989,12881993,12882011,12882043,12882059,12882083,12882097,12882101,12882109,12882131,12882137,12882151,12882161,12882167,12882187,12882193,12882197,12882203,12882211,12882217,12882223,12882227,12882239,12882251,12882269,12882271,12882283,12882299,12882319,12882341,12882349,12882427,12882431,12882433,12882509,12882517,12882533,12882539,12882581,12882587,12882593,12882607,12882619,12882629,12882631,12882643,12882677,12882707,12882721,12882731,12882739,12882743,12882781,12882799,12882811,12882823,12882847,12882901,12882911,12882913,12882953,12882973,12882977,12882983,12882997,12883001,12883043,12883103,12883109,12883111,12883133,12883147,12883183,12883193,12883201,12883223,12883237,12883267,12883301,12883303,12883309,12883313,12883327,12883369,12883397,12883411,12883439,12883477,12883487,12883537,12883543,12883561,12883571,12883573,12883597,12883601,12883613,12883621,12883639,12883643,12883709,12883721,12883747,12883753,12883757,12883777,12883811,12883813,12883837,12883861,12883903,12883931,12883951,12884017,12884041,12884051,12884057,12884059,12884077,12884083,12884087,12884093,12884099,12884119,12884129,12884159,12884161,12884171,12884197,12884203,12884233,12884279,12884309,12884321,12884329,12884341,12884369,12884371,12884387,12884411,12884423,12884447,12884449,12884461,12884471,12884507,12884549,12884567,12884581,12884591,12884593,12884611,12884629,12884659,12884689,12884699,12884737,12884743,12884749,12884771,12884779,12884791,12884803,12884813,12884819,12884849,12884857,12884887,12884891,12884923,12884939,12884941,12884959,12885001,12885007,12885013,12885017,12885023,12885049,12885053,12885071,12885107,12885109,12885121,12885149,12885203,12885233,12885247,12885253,12885263,12885289,12885317,12885319,12885343,12885349,12885409,12885419,12885421,12885437,12885443,12885463,12885469,12885493,12885511,12885517,12885527,12885539,12885557,12885569,12885581,12885617,12885623,12885671,12885683,12885703,12885707,12885709,12885721,12885751,12885791,12885793,12885797,12885799,12885811,12885827,12885841,12885877,12885913,12885923,12885937,12885941,12885959,12885989,12885997,12886001,12886007,12886019,12886061,12886073,12886091,12886099,12886129,12886151,12886169,12886171,12886183,12886213,12886217,12886229,12886241,12886253,12886267,12886277,12886301,12886327,12886337,12886343,12886381,12886439,12886441,12886451,12886453,12886457,12886477,12886487,12886499,12886553,12886567,12886583,12886589,12886649,12886651,12886661,12886667,12886711,12886723,12886729,12886733,12886771,12886781,12886843,12886849,12886891,12886919,12886927,12886931,12886949,12886963,12886967,12886987,12886999,12887009,12887027,12887029,12887047,12887053,12887059,12887087,12887089,12887101,12887113,12887117,12887123,12887131,12887167,12887177,12887197,12887213,12887219,12887239,12887261,12887267,12887299,12887341,12887389,12887417,12887437,12887443,12887449,12887461,12887473,12887477,12887509,12887519,12887549,12887551,12887587,12887591,12887603,12887617,12887621,12887627,12887657,12887713,12887731,12887737,12887753,12887759,12887761,12887767,12887773,12887807,12887813,12887827,12887863,12887869,12887873,12887893,12887923,12887933,12887993,12888013,12888037,12888047,12888067,12888079,12888121,12888131,12888143,12888163,12888181,12888203,12888217,12888241,12888277,12888283,12888299,12888301,12888311,12888313,12888319,12888361,12888371,12888427,12888437,12888443,12888451,12888457,12888461,12888503,12888511,12888521,12888527,12888539,12888563,12888583,12888607,12888611,12888619,12888641,12888643,12888677,12888709,12888721,12888739,12888749,12888767,12888769,12888779,12888787,12888791,12888793,12888797,12888803,12888851,12888853,12888917,12888937,12888943,12888971,12888977,12888979,12888989,12889001,12889013,12889033,12889073,12889091,12889109,12889133,12889147,12889157,12889159,12889169,12889171,12889181,12889187,12889231,12889237,12889243,12889249,12889267,12889271,12889291,12889301,12889309,12889313,12889333,12889337,12889339,12889351,12889423,12889433,12889447,12889469,12889477,12889493,12889501,12889507,12889517,12889531,12889549,12889559,12889589,12889607,12889627,12889649,12889663,12889691,12889777,12889783,12889787,12889819,12889823,12889843,12889853,12889879,12889883,12889889,12889897,12889909,12889939,12889951,12889957,12889963,12889967,12889973,12889991,12889993,12889997,12890027,12890047,12890071,12890081,12890083,12890099,12890107,12890117,12890147,12890159,12890167,12890177,12890179,12890191,12890209,12890219,12890243,12890287,12890291,12890299,12890321,12890323,12890363,12890387,12890401,12890429,12890431,12890447,12890461,12890473,12890477,12890483,12890489,12890491,12890543,12890561,12890567,12890597,12890609,12890617,12890629,12890653,12890659,12890677,12890693,12890707,12890711,12890723,12890729,12890753,12890767,12890783,12890789,12890791,12890809,12890821,12890861,12890869,12890887,12890893,12890903,12890909,12890939,12890959,12890963,12890989,12891007,12891029,12891037,12891061,12891119,12891157,12891173,12891187,12891209,12891211,12891217,12891223,12891233,12891251,12891259,12891353,12891409,12891433,12891449,12891451,12891469,12891479,12891493,12891497,12891509,12891517,12891521,12891533,12891547,12891553,12891587,12891601,12891607,12891623,12891647,12891649,12891653,12891713,12891721,12891731,12891737,12891751,12891761,12891803,12891811,12891829,12891839,12891869,12891871,12891881,12891929,12891941,12891953,12891971,12891973,12892027,12892039,12892043,12892067,12892079,12892093,12892129,12892181,12892189,12892199,12892219,12892237,12892261,12892291,12892301,12892331,12892333,12892337,12892339,12892349,12892361,12892379,12892381,12892387,12892403,12892423,12892441,12892447,12892459,12892463,12892483,12892487,12892493,12892499,12892513,12892519,12892541,12892543,12892547,12892553,12892591,12892601,12892637,12892643,12892657,12892669,12892679,12892703,12892723,12892729,12892741,12892757,12892771,12892799,12892801,12892813,12892823,12892829,12892837,12892843,12892861,12892871,12892883,12892897,12892921,12892927,12892937,12892969,12892973,12892981,12893009,12893017,12893029,12893047,12893053,12893063,12893071,12893099,12893129,12893141,12893149,12893159,12893189,12893203,12893213,12893219,12893233,12893261,12893269,12893273,12893281,12893291,12893297,12893299,12893339,12893347,12893351,12893389,12893401,12893411,12893423,12893431,12893459,12893467,12893471,12893473,12893483,12893513,12893527,12893561,12893563,12893567,12893579,12893581,12893597,12893627,12893659,12893677,12893687,12893689,12893707,12893717,12893729,12893743,12893767,12893791,12893809,12893819,12893831,12893833,12893857,12893873,12893879,12893891,12893899,12893911,12893921,12893927,12893953,12893971,12893983,12894001,12894017,12894043,12894059,12894061,12894071,12894107,12894139,12894169,12894187,12894197,12894251,12894263,12894269,12894341,12894353,12894359,12894361,12894379,12894383,12894433,12894439,12894443,12894457,12894487,12894499,12894533,12894593,12894599,12894641,12894643,12894671,12894689,12894701,12894703,12894709,12894731,12894733,12894757,12894773,12894781,12894803,12894829,12894839,12894841,12894859,12894877,12894899,12894923,12894929,12894941,12894971,12894991,12895031,12895049,12895063,12895079,12895087,12895097,12895117,12895123,12895139,12895171,12895177,12895193,12895213,12895237,12895261,12895283,12895301,12895303,12895307,12895321,12895327,12895331,12895381,12895417,12895427,12895439,12895451,12895457,12895481,12895507,12895511,12895513,12895529,12895541,12895543,12895601,12895609,12895621,12895637,12895667,12895717,12895763,12895769,12895777,12895787,12895789,12895819,12895837,12895849,12895873,12895879,12895891,12895901,12895919,12895921,12895963,12895997,12895999,12896021,12896063,12896089,12896111,12896141,12896153,12896159,12896171,12896209,12896243,12896249,12896267,12896293,12896309,12896311,12896333,12896347,12896371,12896381,12896407,12896419,12896447,12896449,12896467,12896473,12896479,12896483,12896501,12896519,12896579,12896581,12896599,12896617,12896621,12896647,12896669,12896707,12896729,12896743,12896749,12896773,12896797,12896809,12896827,12896833,12896857,12896887,12896903,12896911,12896921,12896927,12896957,12896969,12897011,12897013,12897019,12897037,12897077,12897091,12897103,12897163,12897167,12897173,12897191,12897197,12897251,12897253,12897259,12897263,12897277,12897281,12897293,12897301,12897331,12897337,12897359,12897361,12897383,12897427,12897439,12897449,12897473,12897491,12897499,12897529,12897541,12897559,12897569,12897583,12897587,12897593,12897623,12897631,12897649,12897659,12897667,12897683,12897697,12897761,12897769,12897803,12897809,12897811,12897817,12897839,12897847,12897853,12897869,12897889,12897919,12897961,12897971,12898007,12898013,12898031,12898037,12898043,12898051,12898057,12898063,12898091,12898099,12898111,12898157,12898183,12898217,12898229,12898253,12898261,12898273,12898279,12898289,12898307,12898339,12898349,12898363,12898373,12898399,12898439,12898441,12898453,12898463,12898471,12898489,12898517,12898519,12898531,12898541,12898547,12898553,12898619,12898621,12898643,12898657,12898673,12898693,12898703,12898729,12898741,12898751,12898763,12898771,12898789,12898799,12898817,12898861,12898867,12898871,12898889,12898901,12898931,12898933,12898979,12898987,12899017,12899077,12899083,12899099,12899123,12899143,12899149,12899153,12899167,12899189,12899203,12899213,12899221,12899231,12899267,12899281,12899303,12899323,12899333,12899371,12899431,12899437,12899449,12899473,12899483,12899489,12899501,12899507,12899531,12899539,12899561,12899597,12899633,12899639,12899647,12899659,12899671,12899687,12899713,12899737,12899743,12899759,12899773,12899797,12899801,12899807,12899827,12899837,12899851,12899857,12899869,12899893,12899897,12899899,12899951,12899959,12899977,12900001,12900011,12900047,12900053,12900071,12900073,12900077,12900089,12900103,12900131,12900133,12900149,12900191,12900197,12900211,12900227,12900289,12900299,12900311,12900317,12900323,12900337,12900343,12900347,12900361,12900367,12900397,12900403,12900443,12900469,12900491,12900521,12900523,12900529,12900541,12900551,12900553,12900581,12900593,12900599,12900623,12900661,12900683,12900733,12900757,12900793,12900803,12900809,12900821,12900851,12900857,12900859,12900863,12900869,12900887,12900931,12900941,12900947,12900959,12901001,12901037,12901043,12901081,12901093,12901099,12901103,12901127,12901157,12901169,12901193,12901199,12901223,12901237,12901267,12901277,12901279,12901297,12901307,12901327,12901331,12901337,12901379,12901381,12901393,12901403,12901409,12901423,12901451,12901457,12901501,12901517,12901519,12901541,12901543,12901571,12901573,12901579,12901619,12901633,12901663,12901699,12901709,12901711,12901717,12901729,12901747,12901751,12901753,12901787,12901799,12901813,12901831,12901853,12901871,12901879,12901913,12901951,12901957,12901961,12901979,12901981,12902033,12902041,12902053,12902077,12902117,12902137,12902189,12902203,12902237,12902251,12902317,12902327,12902339,12902347,12902363,12902369,12902399,12902401,12902423,12902431,12902437,12902489,12902509,12902543,12902567,12902569,12902573,12902579,12902611,12902621,12902647,12902663,12902671,12902717,12902761,12902777,12902783,12902801,12902803,12902807,12902831,12902849,12902867,12902873,12902891,12902951,12902959,12902993,12903001,12903013,12903019,12903029,12903041,12903049,12903067,12903083,12903089,12903103,12903133,12903167,12903169,12903179,12903181,12903193,12903197,12903211,12903227,12903259,12903277,12903281,12903287,12903313,12903349,12903367,12903377,12903379,12903383,12903421,12903431,12903439,12903461,12903467,12903481,12903497,12903503,12903511,12903557,12903559,12903563,12903587,12903593,12903599,12903613,12903647,12903703,12903707,12903721,12903727,12903733,12903739,12903763,12903767,12903791,12903797,12903829,12903859,12903871,12903881,12903883,12903887,12903911,12903929,12903937,12903941,12903959,12903973,12903977,12904027,12904049,12904061,12904079,12904103,12904117,12904121,12904141,12904169,12904181,12904187,12904189,12904193,12904223,12904237,12904253,12904271,12904279,12904291,12904313,12904319,12904337,12904349,12904369,12904373,12904399,12904447,12904457,12904459,12904469,12904481,12904483,12904499,12904501,12904519,12904531,12904537,12904603,12904609,12904613,12904631,12904637,12904643,12904673,12904691,12904693,12904763,12904777,12904789,12904807,12904813,12904841,12904847,12904861,12904883,12904901,12904907,12904919,12904961,12904967,12904979,12904987,12904993,12905003,12905041,12905063,12905077,12905111,12905131,12905141,12905183,12905209,12905219,12905251,12905257,12905287,12905311,12905381,12905407,12905411,12905413,12905423,12905429,12905437,12905467,12905479,12905521,12905527,12905539,12905549,12905573,12905603,12905639,12905647,12905657,12905663,12905681,12905687,12905689,12905699,12905701,12905713,12905723,12905749,12905773,12905803,12905861,12905863,12905869,12905887,12905897,12905903,12905911,12905923,12905969,12905983,12905999,12906001,12906017,12906029,12906041,12906053,12906067,12906097,12906107,12906109,12906133,12906139,12906193,12906221,12906241,12906253,12906259,12906269,12906287,12906293,12906307,12906317,12906329,12906331,12906343,12906347,12906353,12906367,12906371,12906379,12906403,12906419,12906433,12906449,12906463,12906497,12906511,12906527,12906541,12906559,12906577,12906589,12906667,12906697,12906709,12906721,12906727,12906731,12906767,12906779,12906787,12906793,12906823,12906847,12906853,12906857,12906863,12906937,12906953,12906967,12906977,12907007,12907021,12907049,12907073,12907079,12907091,12907121,12907133,12907151,12907159,12907171,12907177,12907183,12907217,12907229,12907231,12907241,12907259,12907273,12907283,12907309,12907313,12907319,12907343,12907351,12907373,12907381,12907387,12907399,12907421,12907429,12907451,12907457,12907493,12907507,12907519,12907541,12907547,12907553,12907571,12907619,12907627,12907649,12907663,12907667,12907681,12907711,12907717,12907723,12907733,12907747,12907753,12907771,12907781,12907793,12907799,12907801,12907819,12907837,12907841,12907847,12907883,12907903,12907919,12907927,12907943,12907949,12907963,12907969,12908039,12908057,12908099,12908101,12908123,12908131,12908143,12908167,12908171,12908173,12908209,12908251,12908261,12908279,12908323,12908333,12908381,12908387,12908417,12908437,12908447,12908453,12908531,12908549,12908561,12908569,12908579,12908603,12908611,12908633,12908639,12908641,12908699,12908713,12908737,12908767,12908783,12908807,12908849,12908851,12908867,12908869,12908873,12908897,12908921,12908953,12908963,12908969,12908977,12908981,12908983,12908993,12909047,12909077,12909097,12909109,12909131,12909139,12909163,12909173,12909179,12909217,12909223,12909241,12909251,12909257,12909271,12909277,12909283,12909313,12909319,12909343,12909353,12909389,12909397,12909427,12909431,12909451,12909461,12909467,12909473,12909521,12909527,12909551,12909557,12909583,12909587,12909593,12909623,12909643,12909653,12909667,12909679,12909697,12909703,12909709,12909751,12909769,12909773,12909833,12909839,12909887,12909893,12909907,12909937,12909961,12909973,12909989,12909997,12910013,12910031,12910033,12910049,12910057,12910067,12910087,12910091,12910099,12910103,12910109,12910127,12910147,12910189,12910193,12910201,12910207,12910213,12910231,12910237,12910241,12910243,12910279,12910301,12910351,12910357,12910369,12910379,12910397,12910399,12910411,12910421,12910433,12910453,12910489,12910493,12910511,12910517,12910529,12910553,12910559,12910577,12910591,12910643,12910657,12910661,12910679,12910697,12910721,12910739,12910753,12910757,12910801,12910813,12910819,12910867,12910873,12910883,12910897,12910927,12910943,12910951,12910957,12910979,12910987,12910993,12911009,12911011,12911021,12911033,12911047,12911053,12911057,12911071,12911081,12911099,12911117,12911123,12911161,12911191,12911219,12911237,12911243,12911251,12911263,12911281,12911287,12911329,12911333,12911341,12911357,12911363,12911399,12911401,12911411,12911413,12911447,12911453,12911471,12911473,12911519,12911527,12911539,12911543,12911611,12911617,12911623,12911651,12911683,12911711,12911713,12911741,12911777,12911819,12911851,12911863,12911869,12911879,12911881,12911897,12911909,12911917,12911933,12911957,12911999,12912013,12912017,12912037,12912041,12912043,12912073,12912101,12912103,12912139,12912157,12912187,12912199,12912203,12912233,12912241,12912257,12912259,12912271,12912281,12912283,12912287,12912293,12912301,12912311,12912331,12912353,12912379,12912391,12912413,12912433,12912437,12912479,12912509,12912527,12912551,12912553,12912577,12912589,12912619,12912649,12912659,12912671,12912677,12912689,12912701,12912703,12912719,12912769,12912773,12912847,12912853,12912863,12912883,12912899,12912901,12912919,12912929,12912947,12912953,12912967,12912971,12913003,12913039,12913123,12913127,12913133,12913139,12913163,12913169,12913171,12913177,12913181,12913211,12913231,12913247,12913249,12913253,12913283,12913289,12913321,12913337,12913363,12913399,12913423,12913427,12913429,12913447,12913451,12913457,12913471,12913501,12913529,12913541,12913543,12913561,12913583,12913601,12913643,12913651,12913661,12913679,12913697,12913709,12913739,12913751,12913783,12913793,12913801,12913819,12913843,12913847,12913853,12913867,12913871,12913877,12913907,12913913,12913921,12913933,12913969,12913981,12913991,12914021,12914023,12914059,12914081,12914087,12914093,12914107,12914113,12914117,12914131,12914137,12914149,12914159,12914171,12914173,12914189,12914207,12914267,12914273,12914311,12914347,12914389,12914393,12914399,12914401,12914413,12914417,12914437,12914453,12914497,12914501,12914513,12914521,12914527,12914533,12914537,12914557,12914581,12914597,12914609,12914617,12914621,12914633,12914639,12914651,12914659,12914723,12914731,12914743,12914761,12914771,12914777,12914789,12914819,12914821,12914827,12914833,12914903,12914911,12914929,12914953,12915013,12915031,12915037,12915043,12915059,12915061,12915073,12915101,12915107,12915131,12915163,12915169,12915187,12915197,12915209,12915239,12915241,12915263,12915281,12915283,12915311,12915317,12915323,12915341,12915349,12915361,12915373,12915377,12915391,12915403,12915433,12915439,12915493,12915557,12915559,12915583,12915587,12915593,12915653,12915659,12915689,12915709,12915751,12915757,12915803,12915821,12915883,12915899,12915901,12915907,12915977,12915983,12915989,12916003,12916037,12916051,12916063,12916069,12916093,12916121,12916129,12916147,12916151,12916157,12916159,12916171,12916177,12916187,12916217,12916231,12916247,12916261,12916279,12916289,12916313,12916331,12916369,12916373,12916417,12916427,12916433,12916439,12916451,12916487,12916489,12916499,12916507,12916511,12916529,12916559,12916619,12916627,12916669,12916679,12916721,12916723,12916733,12916741,12916747,12916807,12916831,12916843,12916847,12916859,12916867,12916879,12916901,12916907,12916931,12916951,12916973,12916999,12917011,12917027,12917029,12917039,12917063,12917083,12917087,12917089,12917117,12917119,12917123,12917129,12917137,12917141,12917167,12917171,12917183,12917221,12917239,12917249,12917269,12917273,12917291,12917309,12917353,12917357,12917389,12917431,12917449,12917453,12917461,12917479,12917503,12917507,12917563,12917573,12917581,12917599,12917609,12917623,12917627,12917633,12917647,12917657,12917677,12917693,12917717,12917741,12917761,12917767,12917783,12917791,12917797,12917813,12917831,12917833,12917939,12917959,12917981,12917987,12917999,12918013,12918023,12918029,12918049,12918089,12918097,12918107,12918127,12918131,12918149,12918161,12918173,12918197,12918209,12918229,12918259,12918263,12918277,12918281,12918287,12918293,12918319,12918329,12918349,12918359,12918371,12918391,12918421,12918443,12918457,12918473,12918481,12918491,12918497,12918509,12918511,12918523,12918547,12918551,12918553,12918559,12918583,12918637,12918671,12918677,12918679,12918683,12918707,12918721,12918733,12918743,12918757,12918761,12918769,12918779,12918811,12918839,12918853,12918887,12918889,12918901,12918907,12918911,12918923,12918931,12918943,12918979,12918991,12919001,12919009,12919013,12919019,12919021,12919043,12919051,12919057,12919061,12919091,12919097,12919103,12919111,12919117,12919163,12919189,12919211,12919241,12919243,12919267,12919271,12919273,12919301,12919339,12919367,12919381,12919397,12919427,12919429,12919441,12919451,12919463,12919483,12919499,12919513,12919519,12919523,12919553,12919559,12919561,12919567,12919573,12919597,12919619,12919637,12919649,12919681,12919693,12919717,12919727,12919733,12919747,12919763,12919787,12919789,12919817,12919843,12919853,12919871,12919883,12919889,12919891,12919903,12919927,12919931,12919957,12919967,12919987,12920003,12920009,12920023,12920071,12920093,12920177,12920183,12920203,12920239,12920249,12920261,12920267,12920269,12920291,12920309,12920317,12920377,12920381,12920389,12920407,12920417,12920419,12920429,12920431,12920443,12920461,12920483,12920491,12920507,12920563,12920581,12920647,12920653,12920657,12920669,12920671,12920681,12920717,12920737,12920767,12920773,12920783,12920797,12920813,12920819,12920821,12920827,12920839,12920857,12920861,12920903,12920909,12920933,12920951,12920977,12920993,12921001,12921011,12921049,12921053,12921061,12921089,12921091,12921119,12921127,12921133,12921137,12921163,12921179,12921217,12921263,12921277,12921281,12921283,12921299,12921329,12921373,12921397,12921407,12921449,12921527,12921583,12921589,12921599,12921611,12921613,12921673,12921679,12921763,12921809,12921817,12921829,12921833,12921863,12921893,12921901,12921911,12921913,12921941,12921943,12921967,12922001,12922027,12922031,12922051,12922061,12922079,12922087,12922099,12922103,12922111,12922141,12922153,12922163,12922171,12922201,12922207,12922219,12922229,12922237,12922253,12922279,12922289,12922303,12922307,12922333,12922367,12922369,12922373,12922409,12922411,12922417,12922433,12922453,12922471,12922493,12922501,12922517,12922523,12922529,12922537,12922543,12922549,12922561,12922577,12922579,12922597,12922633,12922681,12922687,12922709,12922727,12922733,12922739,12922769,12922787,12922801,12922813,12922817,12922823,12922837,12922853,12922859,12922901,12922933,12922963,12922967,12922993,12923011,12923023,12923041,12923047,12923081,12923083,12923089,12923093,12923107,12923123,12923153,12923189,12923191,12923203,12923221,12923227,12923231,12923243,12923257,12923269,12923279,12923293,12923297,12923329,12923333,12923341,12923359,12923371,12923377,12923381,12923387,12923453,12923461,12923479,12923483,12923489,12923507,12923509,12923527,12923549,12923551,12923593,12923597,12923609,12923623,12923627,12923671,12923711,12923717,12923737,12923741,12923753,12923777,12923783,12923789,12923797,12923809,12923839,12923849,12923873,12923903,12923909,12923921,12923929,12923941,12923947,12923983,12923987,12924001,12924007,12924017,12924031,12924089,12924133,12924157,12924173,12924181,12924187,12924193,12924203,12924217,12924221,12924257,12924259,12924271,12924283,12924319,12924323,12924341,12924347,12924391,12924449,12924451,12924463,12924469,12924473,12924487,12924529,12924547,12924559,12924563,12924629,12924647,12924649,12924673,12924679,12924683,12924701,12924713,12924719,12924721,12924727,12924761,12924763,12924767,12924797,12924817,12924833,12924841,12924871,12924887,12924889,12924931,12924971,12924979,12925013,12925019,12925021,12925027,12925051,12925061,12925067,12925079,12925093,12925139,12925169,12925201,12925207,12925223,12925261,12925267,12925277,12925309,12925313,12925343,12925369,12925421,12925441,12925487,12925501,12925513,12925519,12925531,12925579,12925589,12925631,12925637,12925663,12925697,12925699,12925709,12925721,12925733,12925741,12925771,12925807,12925811,12925819,12925859,12925883,12925903,12925907,12925919,12925937,12925943,12925949,12925981,12925993,12925999,12926003,12926021,12926033,12926077,12926119,12926129,12926143,12926149,12926159,12926167,12926203,12926219,12926227,12926231,12926267,12926279,12926293,12926321,12926323,12926339,12926383,12926393,12926401,12926423,12926453,12926461,12926467,12926471,12926509,12926519,12926527,12926539,12926567,12926609,12926623,12926629,12926651,12926671,12926677,12926699,12926701,12926729,12926737,12926743,12926747,12926761,12926803,12926813,12926819,12926831,12926857,12926863,12926873,12926887,12926917,12926929,12926933,12926939,12926951,12926957,12926981,12926993,12927017,12927029,12927053,12927067,12927113,12927119,12927137,12927149,12927151,12927169,12927179,12927227,12927241,12927269,12927281,12927307,12927329,12927331,12927347,12927349,12927371,12927373,12927377,12927401,12927437,12927443,12927451,12927461,12927469,12927479,12927487,12927503,12927521,12927529,12927571,12927631,12927641,12927661,12927671,12927683,12927703,12927721,12927743,12927757,12927767,12927779,12927781,12927787,12927793,12927799,12927829,12927841,12927853,12927883,12927931,12927947,12927953,12927977,12927983,12927989,12928009,12928031,12928033,12928043,12928067,12928087,12928103,12928121,12928127,12928129,12928141,12928183,12928187,12928193,12928213,12928247,12928261,12928273,12928297,12928301,12928327,12928393,12928397,12928427,12928439,12928459,12928477,12928481,12928501,12928511,12928537,12928549,12928561,12928567,12928579,12928583,12928613,12928621,12928631,12928637,12928673,12928679,12928697,12928711,12928717,12928723,12928733,12928739,12928753,12928757,12928813,12928819,12928837,12928841,12928843,12928849,12928897,12928907,12928933,12928969,12928999,12929009,12929017,12929023,12929039,12929047,12929051,12929087,12929113,12929117,12929141,12929143,12929149,12929167,12929173,12929207,12929209,12929221,12929233,12929237,12929251,12929303,12929321,12929327,12929339,12929341,12929353,12929383,12929419,12929429,12929431,12929453,12929467,12929507,12929513,12929531,12929533,12929549,12929551,12929561,12929591,12929599,12929603,12929617,12929629,12929699,12929711,12929723,12929729,12929753,12929779,12929783,12929789,12929803,12929857,12929863,12929879,12929897,12929941,12929947,12929951,12929953,12929957,12929963,12929981,12929999,12930011,12930019,12930031,12930041,12930059,12930067,12930077,12930079,12930107,12930119,12930133,12930161,12930179,12930199,12930221,12930257,12930287,12930289,12930299,12930341,12930367,12930371,12930389,12930403,12930413,12930419,12930443,12930451,12930461,12930473,12930479,12930493,12930497,12930521,12930529,12930551,12930571,12930581,12930647,12930661,12930691,12930707,12930737,12930739,12930787,12930793,12930803,12930823,12930833,12930851,12930857,12930859,12930877,12930881,12930889,12930913,12930923,12930941,12930947,12930959,12930979,12931007,12931043,12931049,12931073,12931081,12931091,12931103,12931109,12931111,12931133,12931181,12931199,12931213,12931223,12931253,12931297,12931319,12931327,12931349,12931351,12931363,12931379,12931393,12931409,12931411,12931423,12931427,12931453,12931459,12931487,12931493,12931549,12931553,12931591,12931601,12931621,12931631,12931643,12931661,12931669,12931739,12931757,12931783,12931801,12931813,12931823,12931829,12931843,12931861,12931879,12931889,12931903,12931921,12931937,12931987,12932021,12932041,12932047,12932069,12932071,12932077,12932081,12932083,12932107,12932113,12932119,12932123,12932131,12932149,12932167,12932201,12932209,12932219,12932237,12932243,12932263,12932267,12932281,12932303,12932321,12932327,12932329,12932377,12932383,12932399,12932429,12932431,12932441,12932443,12932453,12932467,12932471,12932527,12932539,12932581,12932599,12932627,12932629,12932639,12932641,12932657,12932669,12932677,12932683,12932687,12932701,12932707,12932729,12932743,12932779,12932789,12932819,12932833,12932839,12932867,12932873,12932879,12932891,12932897,12932911,12932951,12932957,12933013,12933031,12933047,12933079,12933097,12933103,12933127,12933133,12933149,12933161,12933203,12933223,12933227,12933253,12933269,12933317,12933329,12933341,12933343,12933359,12933397,12933419,12933421,12933439,12933443,12933451,12933463,12933493,12933511,12933517,12933523,12933559,12933563,12933577,12933593,12933611,12933619,12933631,12933637,12933671,12933709,12933733,12933763,12933773,12933827,12933829,12933847,12933853,12933871,12933919,12933929,12933931,12933941,12933953,12933967,12933989,12933997,12934001,12934007,12934021,12934069,12934109,12934123,12934153,12934169,12934183,12934189,12934237,12934241,12934247,12934249,12934291,12934301,12934309,12934321,12934333,12934351,12934373,12934381,12934391,12934451,12934457,12934463,12934469,12934477,12934483,12934489,12934507,12934517,12934531,12934543,12934549,12934577,12934589,12934601,12934613,12934619,12934627,12934631,12934633,12934643,12934661,12934673,12934679,12934681,12934697,12934699,12934723,12934777,12934799,12934837,12934847,12934849,12934861,12934897,12934903,12934927,12934931,12934939,12934951,12934963,12934973,12935003,12935017,12935051,12935063,12935099,12935159,12935161,12935173,12935179,12935183,12935203,12935239,12935281,12935287,12935291,12935327,12935341,12935353,12935369,12935393,12935399,12935411,12935431,12935437,12935441,12935473,12935491,12935497,12935501,12935519,12935543,12935563,12935567,12935579,12935609,12935617,12935621,12935627,12935639,12935641,12935687,12935693,12935707,12935731,12935737,12935743,12935749,12935753,12935761,12935771,12935779,12935801,12935807,12935833,12935849,12935887,12935899,12935911,12935917,12935939,12935947,12935983,12935999,12936023,12936041,12936047,12936071,12936073,12936101,12936103,12936109,12936113,12936149,12936173,12936179,12936191,12936221,12936223,12936227,12936247,12936311,12936317,12936401,12936409,12936433,12936437,12936449,12936461,12936467,12936527,12936529,12936533,12936551,12936559,12936577,12936617,12936631,12936653,12936659,12936691,12936709,12936713,12936733,12936743,12936751,12936769,12936817,12936857,12936877,12936901,12936919,12936943,12936947,12936977,12936997,12937007,12937019,12937021,12937027,12937033,12937061,12937069,12937139,12937151,12937163,12937193,12937207,12937217,12937237,12937241,12937259,12937273,12937333,12937349,12937373,12937381,12937387,12937403,12937409,12937417,12937433,12937469,12937471,12937489,12937501,12937511,12937517,12937541,12937543,12937597,12937601,12937621,12937649,12937667,12937669,12937723,12937739,12937747,12937781,12937789,12937817,12937823,12937829,12937843,12937849,12937853,12937861,12937877,12937913,12937931,12937949,12937961,12937963,12937979,12937987,12937997,12938017,12938021,12938027,12938041,12938047,12938053,12938077,12938087,12938099,12938111,12938131,12938137,12938179,12938209,12938231,12938239,12938249,12938273,12938279,12938281,12938291,12938293,12938323,12938327,12938339,12938347,12938363,12938371,12938389,12938461,12938467,12938483,12938503,12938507,12938521,12938573,12938579,12938617,12938623,12938663,12938689,12938711,12938741,12938747,12938767,12938801,12938803,12938813,12938831,12938851,12938869,12938879,12938897,12938899,12938911,12938917,12938923,12938941,12938971,12938983,12938987,12939007,12939013,12939029,12939037,12939061,12939077,12939079,12939083,12939109,12939127,12939131,12939161,12939163,12939167,12939197,12939203,12939217,12939257,12939287,12939343,12939347,12939359,12939379,12939383,12939389,12939391,12939449,12939457,12939463,12939491,12939541,12939571,12939583,12939611,12939613,12939637,12939653,12939659,12939671,12939683,12939697,12939701,12939709,12939727,12939739,12939749,12939763,12939767,12939793,12939811,12939827,12939847,12939851,12939859,12939889,12939919,12939923,12939929,12939937,12939943,12939967,12940001,12940073,12940079,12940117,12940127,12940129,12940139,12940163,12940171,12940183,12940201,12940211,12940219,12940223,12940229,12940231,12940241,12940243,12940253,12940289,12940309,12940337,12940363,12940381,12940393,12940429,12940453,12940469,12940493,12940507,12940523,12940537,12940541,12940579,12940591,12940597,12940619,12940643,12940649,12940661,12940703,12940717,12940727,12940747,12940751,12940769,12940777,12940813,12940819,12940847,12940877,12940897,12940903,12940909,12940937,12940943,12940951,12940969,12940987,12941011,12941041,12941057,12941077,12941087,12941101,12941113,12941129,12941177,12941189,12941191,12941197,12941207,12941219,12941239,12941293,12941297,12941303,12941311,12941339,12941347,12941371,12941393,12941399,12941407,12941417,12941419,12941429,12941447,12941483,12941491,12941507,12941531,12941549,12941561,12941597,12941623,12941629,12941633,12941639,12941647,12941651,12941657,12941671,12941689,12941729,12941737,12941741,12941759,12941771,12941791,12941813,12941833,12941843,12941857,12941881,12941909,12941923,12941927,12941933,12941959,12941963,12941989,12941993,12942023,12942047,12942067,12942071,12942079,12942109,12942121,12942179,12942197,12942203,12942233,12942301,12942329,12942331,12942337,12942359,12942367,12942373,12942379,12942403,12942409,12942427,12942467,12942473,12942481,12942487,12942509,12942521,12942539,12942571,12942607,12942617,12942619,12942623,12942641,12942659,12942673,12942691,12942701,12942737,12942739,12942751,12942791,12942799,12942821,12942829,12942833,12942869,12942883,12942893,12942901,12942911,12942913,12942929,12942949,12942959,12942977,12942983,12943031,12943033,12943057,12943067,12943079,12943109,12943111,12943153,12943157,12943169,12943187,12943201,12943207,12943219,12943223,12943247,12943277,12943297,12943327,12943369,12943393,12943397,12943417,12943429,12943433,12943487,12943499,12943507,12943517,12943519,12943531,12943543,12943547,12943573,12943591,12943603,12943621,12943627,12943631,12943633,12943639,12943691,12943729,12943739,12943751,12943781,12943793,12943813,12943829,12943867,12943873,12943901,12943927,12943949,12943961,12943981,12944023,12944039,12944053,12944093,12944119,12944153,12944159,12944177,12944189,12944201,12944203,12944207,12944209,12944231,12944257,12944291,12944297,12944299,12944311,12944341,12944369,12944381,12944389,12944443,12944473,12944501,12944509,12944537,12944551,12944557,12944563,12944573,12944587,12944593,12944609,12944611,12944621,12944629,12944641,12944651,12944663,12944669,12944689,12944713,12944717,12944761,12944779,12944797,12944801,12944819,12944831,12944839,12944851,12944873,12944891,12944923,12944951,12944959,12944963,12944977,12944999,12945001,12945029,12945043,12945047,12945077,12945103,12945133,12945151,12945157,12945161,12945169,12945173,12945187,12945203,12945221,12945239,12945241,12945253,12945263,12945293,12945307,12945323,12945377,12945391,12945419,12945437,12945467,12945469,12945511,12945521,12945553,12945563,12945577,12945587,12945607,12945613,12945617,12945637,12945641,12945659,12945677,12945679,12945701,12945703,12945719,12945731,12945739,12945767,12945769,12945781,12945787,12945799,12945811,12945841,12945853,12945869,12945871,12945917,12945923,12945929,12945931,12945937,12945971,12945979,12945983,12946001,12946013,12946019,12946051,12946067,12946081,12946097,12946099,12946111,12946117,12946123,12946133,12946147,12946169,12946177,12946181,12946183,12946229,12946237,12946259,12946273,12946289,12946301,12946303,12946319,12946357,12946369,12946393,12946421,12946459,12946463,12946471,12946487,12946517,12946519,12946603,12946607,12946621,12946649,12946651,12946663,12946669,12946697,12946709,12946721,12946727,12946729,12946751,12946777,12946799,12946807,12946811,12946819,12946841,12946859,12946867,12946873,12946883,12946903,12946909,12946931,12946951,12946987,12946991,12947027,12947029,12947041,12947059,12947069,12947071,12947101,12947131,12947141,12947159,12947161,12947167,12947177,12947191,12947197,12947213,12947237,12947261,12947293,12947323,12947327,12947329,12947339,12947351,12947381,12947401,12947411,12947437,12947443,12947461,12947471,12947477,12947479,12947483,12947497,12947507,12947527,12947563,12947573,12947587,12947621,12947639,12947651,12947681,12947719,12947729,12947731,12947771,12947789,12947819,12947843,12947861,12947867,12947881,12947887,12947899,12947903,12947927,12947929,12947933,12947939,12947941,12947969,12947971,12947993,12948017,12948029,12948041,12948097,12948163,12948167,12948191,12948193,12948209,12948211,12948217,12948223,12948227,12948269,12948277,12948283,12948293,12948311,12948319,12948349,12948361,12948371,12948427,12948473,12948479,12948493,12948527,12948541,12948569,12948599,12948601,12948619,12948629,12948647,12948659,12948673,12948707,12948737,12948739,12948757,12948773,12948791,12948809,12948827,12948833,12948857,12948863,12948869,12948893,12948911,12948961,12948967,12948973,12949003,12949021,12949031,12949037,12949043,12949049,12949061,12949067,12949073,12949081,12949117,12949147,12949163,12949169,12949177,12949187,12949199,12949217,12949229,12949243,12949249,12949267,12949271,12949273,12949303,12949337,12949357,12949361,12949367,12949373,12949429,12949439,12949463,12949471,12949499,12949501,12949511,12949523,12949553,12949571,12949603,12949627,12949639,12949679,12949691,12949787,12949789,12949813,12949829,12949841,12949877,12949879,12949883,12949919,12949927,12949931,12949939,12949949,12949987,12949997,12950017,12950023,12950029,12950053,12950059,12950071,12950083,12950101,12950129,12950131,12950143,12950159,12950177,12950183,12950221,12950237,12950251,12950263,12950291,12950297,12950299,12950303,12950309,12950339,12950341,12950359,12950393,12950411,12950417,12950423,12950429,12950477,12950519,12950551,12950557,12950563,12950569,12950579,12950593,12950599,12950621,12950627,12950669,12950671,12950681,12950687,12950701,12950713,12950737,12950767,12950779,12950789,12950797,12950801,12950827,12950831,12950843,12950867,12950887,12950891,12950941,12950947,12951007,12951011,12951019,12951061,12951067,12951077,12951083,12951089,12951109,12951131,12951151,12951163,12951193,12951199,12951209,12951227,12951241,12951251,12951259,12951283,12951287,12951307,12951317,12951329,12951353,12951359,12951373,12951383,12951431,12951457,12951481,12951493,12951511,12951541,12951563,12951593,12951611,12951623,12951629,12951667,12951677,12951751,12951761,12951767,12951779,12951781,12951793,12951811,12951821,12951823,12951833,12951847,12951853,12951871,12951877,12951889,12951907,12951929,12951959,12951973,12951979,12951997,12952001,12952007,12952021,12952031,12952039,12952057,12952099,12952103,12952111,12952153,12952157,12952189,12952207,12952229,12952231,12952271,12952297,12952301,12952309,12952321,12952333,12952339,12952367,12952369,12952397,12952403,12952411,12952441,12952483,12952493,12952517,12952549,12952561,12952567,12952571,12952573,12952591,12952607,12952613,12952631,12952633,12952649,12952669,12952697,12952729,12952733,12952741,12952747,12952757,12952781,12952789,12952799,12952817,12952831,12952837,12952853,12952921,12952943,12952949,12952957,12952967,12952969,12952999,12953051,12953069,12953081,12953113,12953119,12953131,12953137,12953159,12953173,12953183,12953189,12953203,12953221,12953243,12953249,12953261,12953263,12953279,12953287,12953299,12953323,12953333,12953377,12953387,12953389,12953399,12953407,12953419,12953431,12953467,12953471,12953483,12953489,12953491,12953513,12953537,12953543,12953557,12953593,12953651,12953653,12953657,12953659,12953701,12953719,12953723,12953729,12953771,12953789,12953821,12953869,12953891,12953903,12953921,12953929,12953933,12953947,12953951,12953971,12953977,12954031,12954047,12954049,12954077,12954079,12954091,12954121,12954133,12954157,12954173,12954191,12954199,12954203,12954211,12954239,12954241,12954247,12954269,12954283,12954299,12954343,12954367,12954377,12954379,12954407,12954427,12954437,12954439,12954443,12954449,12954457,12954463,12954533,12954553,12954569,12954581,12954587,12954607,12954611,12954673,12954679,12954703,12954709,12954719,12954749,12954763,12954769,12954779,12954791,12954797,12954817,12954829,12954841,12954871,12954883,12954913,12954923,12954937,12954947,12954961,12954971,12954989,12955001,12955027,12955039,12955067,12955073,12955081,12955087,12955109,12955121,12955123,12955133,12955147,12955153,12955171,12955177,12955183,12955213,12955219,12955231,12955247,12955249,12955253,12955259,12955273,12955277,12955297,12955307,12955333,12955351,12955361,12955367,12955379,12955391,12955399,12955421,12955471,12955477,12955487,12955517,12955531,12955543,12955609,12955619,12955637,12955639,12955669,12955673,12955681,12955687,12955703,12955711,12955727,12955759,12955783,12955823,12955829,12955889,12955913,12955931,12955933,12955937,12955961,12955963,12955993,12956003,12956039,12956059,12956063,12956071,12956087,12956093,12956101,12956117,12956131,12956137,12956149,12956183,12956191,12956249,12956257,12956263,12956269,12956299,12956303,12956311,12956351,12956389,12956399,12956453,12956477,12956491,12956497,12956509,12956563,12956597,12956611,12956617,12956621,12956627,12956641,12956663,12956681,12956683,12956687,12956701,12956731,12956747,12956759,12956761,12956773,12956809,12956831,12956837,12956863,12956903,12956927,12956947,12956953,12957013,12957019,12957023,12957037,12957041,12957059,12957083,12957097,12957121,12957137,12957149,12957151,12957209,12957223,12957239,12957251,12957253,12957293,12957311,12957317,12957337,12957361,12957389,12957397,12957401,12957419,12957431,12957433,12957443,12957457,12957463,12957467,12957481,12957509,12957541,12957557,12957611,12957619,12957649,12957653,12957661,12957667,12957673,12957731,12957739,12957761,12957781,12957797,12957821,12957839,12957851,12957869,12957911,12957913,12957929,12957949,12957953,12957991,12958003,12958027,12958037,12958061,12958073,12958079,12958087,12958109,12958117,12958123,12958159,12958181,12958201,12958237,12958241,12958243,12958261,12958271,12958289,12958313,12958321,12958339,12958349,12958357,12958397,12958411,12958427,12958433,12958441,12958459,12958469,12958481,12958483,12958487,12958493,12958507,12958529,12958549,12958577,12958579,12958597,12958601,12958633,12958691,12958717,12958723,12958733,12958787,12958807,12958859,12958919,12958921,12958927,12958951,12958973,12958997,12958999,12959003,12959017,12959021,12959041,12959047,12959053,12959071,12959077,12959087,12959099,12959123,12959129,12959131,12959153,12959183,12959231,12959237,12959249,12959279,12959299,12959329,12959351,12959369,12959377,12959393,12959399,12959407,12959413,12959431,12959449,12959459,12959467,12959483,12959489,12959497,12959503,12959521,12959533,12959543,12959561,12959579,12959587,12959591,12959599,12959621,12959623,12959651,12959659,12959663,12959669,12959677,12959753,12959761,12959777,12959801,12959803,12959809,12959819,12959861,12959867,12959873,12959887,12959893,12959927,12959939,12959941,12959959,12959963,12959981,12959993,12960019,12960023,12960041,12960043,12960047,12960053,12960061,12960067,12960097,12960119,12960163,12960191,12960197,12960217,12960251,12960271,12960281,12960287,12960289,12960317,12960319,12960359,12960371,12960383,12960401,12960403,12960407,12960457,12960473,12960491,12960509,12960517,12960539,12960557,12960559,12960581,12960583,12960599,12960617,12960643,12960653,12960677,12960691,12960719,12960743,12960751,12960757,12960763,12960769,12960781,12960791,12960839,12960847,12960877,12960881,12960889,12960901,12960911,12960923,12960929,12960947,12960971,12960973,12961001,12961033,12961079,12961093,12961099,12961133,12961139,12961141,12961147,12961153,12961163,12961177,12961181,12961187,12961243,12961253,12961279,12961303,12961313,12961343,12961349,12961367,12961373,12961381,12961393,12961423,12961457,12961469,12961471,12961483,12961499,12961537,12961561,12961567,12961577,12961583,12961601,12961603,12961607,12961621,12961657,12961681,12961691,12961709,12961717,12961721,12961723,12961727,12961757,12961777,12961787,12961789,12961841,12961843,12961849,12961867,12961901,12961913,12961919,12961931,12961943,12961961,12961967,12961969,12961979,12961987,12962003,12962029,12962063,12962069,12962093,12962119,12962137,12962197,12962203,12962231,12962233,12962251,12962281,12962311,12962377,12962419,12962429,12962431,12962471,12962491,12962497,12962533,12962539,12962563,12962567,12962591,12962627,12962629,12962641,12962659,12962669,12962671,12962689,12962701,12962749,12962753,12962759,12962771,12962779,12962783,12962801,12962809,12962819,12962837,12962861,12962863,12962893,12962933,12962941,12962947,12962951,12962981,12963089,12963091,12963103,12963107,12963133,12963143,12963151,12963161,12963173,12963229,12963233,12963277,12963287,12963311,12963317,12963341,12963343,12963407,12963427,12963437,12963439,12963443,12963449,12963499,12963563,12963569,12963583,12963589,12963607,12963619,12963623,12963649,12963679,12963701,12963703,12963733,12963737,12963739,12963761,12963767,12963773,12963817,12963857,12963883,12963901,12963931,12963943,12963967,12963971,12963989,12964001,12964037,12964067,12964069,12964079,12964087,12964117,12964123,12964139,12964163,12964177,12964181,12964187,12964219,12964223,12964229,12964243,12964261,12964271,12964283,12964291,12964297,12964309,12964313,12964321,12964381,12964397,12964409,12964423,12964459,12964477,12964493,12964499,12964547,12964559,12964561,12964577,12964579,12964597,12964619,12964643,12964661,12964667,12964673,12964681,12964687,12964697,12964717,12964741,12964751,12964753,12964771,12964781,12964811,12964817,12964823,12964841,12964843,12964867,12964871,12964877,12964901,12964907,12964909,12964921,12964951,12964967,12965027,12965039,12965041,12965047,12965053,12965063,12965081,12965129,12965131,12965159,12965167,12965171,12965177,12965189,12965209,12965213,12965219,12965257,12965263,12965273,12965287,12965333,12965341,12965357,12965363,12965369,12965383,12965417,12965423,12965461,12965497,12965501,12965521,12965527,12965551,12965567,12965569,12965591,12965593,12965597,12965599,12965627,12965633,12965671,12965707,12965723,12965731,12965737,12965741,12965753,12965779,12965783,12965789,12965791,12965801,12965819,12965839,12965851,12965861,12965863,12965879,12965921,12965941,12965957,12965971,12965983,12965993,12966007,12966067,12966071,12966073,12966097,12966101,12966119,12966131,12966137,12966139,12966157,12966179,12966197,12966229,12966241,12966269,12966271,12966293,12966299,12966311,12966323,12966329,12966347,12966377,12966383,12966413,12966431,12966433,12966439,12966449,12966469,12966491,12966497,12966557,12966559,12966589,12966593,12966601,12966617,12966643,12966661,12966703,12966731,12966791,12966803,12966809,12966817,12966847,12966851,12966853,12966859,12966881,12966929,12966977,12966991,12966997,12967001,12967013,12967061,12967069,12967093,12967099,12967103,12967109,12967117,12967121,12967127,12967133,12967151,12967153,12967183,12967219,12967237,12967259,12967261,12967303,12967309,12967313,12967327,12967337,12967363,12967387,12967411,12967421,12967429,12967453,12967459,12967463,12967483,12967523,12967529,12967531,12967543,12967547,12967571,12967573,12967601,12967609,12967627,12967657,12967663,12967679,12967687,12967697,12967711,12967733,12967763,12967769,12967789,12967813,12967819,12967831,12967841,12967847,12967853,12967859,12967879,12967891,12967949,12967961,12967973,12968029,12968077,12968129,12968143,12968147,12968149,12968171,12968209,12968213,12968269,12968273,12968281,12968303,12968321,12968339,12968353,12968383,12968401,12968407,12968429,12968441,12968471,12968479,12968489,12968503,12968519,12968521,12968531,12968533,12968551,12968563,12968567,12968581,12968617,12968639,12968651,12968653,12968687,12968689,12968699,12968743,12968749,12968777,12968797,12968821,12968861,12968873,12968899,12968903,12968927,12968951,12968983,12969007,12969023,12969031,12969037,12969043,12969049,12969071,12969083,12969097,12969127,12969137,12969139,12969157,12969163,12969167,12969179,12969197,12969211,12969223,12969251,12969269,12969287,12969301,12969311,12969323,12969329,12969371,12969373,12969389,12969403,12969431,12969433,12969443,12969449,12969469,12969491,12969547,12969553,12969559,12969587,12969611,12969661,12969679,12969709,12969731,12969739,12969743,12969751,12969767,12969787,12969797,12969821,12969823,12969833,12969839,12969851,12969857,12969871,12969893,12969919,12969937,12969941,12969947,12969949,12969977,12970007,12970021,12970033,12970037,12970039,12970043,12970051,12970057,12970093,12970109,12970123,12970127,12970151,12970157,12970159,12970169,12970187,12970193,12970207,12970211,12970249,12970259,12970267,12970273,12970277,12970289,12970297,12970333,12970357,12970361,12970403,12970417,12970423,12970429,12970469,12970471,12970487,12970499,12970537,12970577,12970579,12970583,12970651,12970663,12970667,12970681,12970691,12970693,12970709,12970721,12970733,12970751,12970753,12970759,12970799,12970807,12970819,12970823,12970829,12970843,12970871,12970879,12970889,12970913,12970921,12970933,12970943,12970961,12970981,12970987,12971009,12971039,12971041,12971069,12971083,12971087,12971093,12971111,12971117,12971137,12971141,12971143,12971173,12971197,12971213,12971219,12971249,12971261,12971263,12971279,12971311,12971317,12971339,12971347,12971351,12971359,12971369,12971411,12971419,12971437,12971447,12971507,12971513,12971521,12971533,12971549,12971551,12971573,12971597,12971599,12971603,12971611,12971617,12971641,12971657,12971677,12971683,12971743,12971797,12971831,12971837,12971863,12971887,12971891,12971911,12971929,12971963,12971971,12971993,12971999,12972007,12972067,12972073,12972097,12972103,12972107,12972131,12972149,12972217,12972233,12972257,12972263,12972293,12972301,12972313,12972317,12972331,12972341,12972347,12972371,12972457,12972461,12972521,12972527,12972559,12972563,12972569,12972571,12972577,12972587,12972613,12972629,12972637,12972671,12972689,12972697,12972703,12972719,12972721,12972733,12972737,12972781,12972803,12972811,12972833,12972871,12972901,12972929,12972937,12972959,12973013,12973027,12973033,12973039,12973069,12973099,12973109,12973111,12973117,12973133,12973139,12973141,12973157,12973171,12973187,12973201,12973211,12973217,12973223,12973231,12973241,12973243,12973249,12973253,12973291,12973309,12973319,12973327,12973369,12973379,12973399,12973423,12973427,12973439,12973453,12973463,12973483,12973511,12973517,12973529,12973547,12973559,12973577,12973603,12973607,12973613,12973627,12973651,12973661,12973699,12973781,12973801,12973819,12973823,12973853,12973861,12973867,12973871,12973897,12973913,12973921,12973931,12973937,12973949,12973951,12973967,12973969,12973973,12973981,12974011,12974023,12974033,12974083,12974113,12974119,12974147,12974173,12974177,12974233,12974237,12974243,12974251,12974257,12974267,12974279,12974287,12974329,12974341,12974387,12974411,12974419,12974431,12974443,12974449,12974459,12974471,12974497,12974501,12974503,12974527,12974537,12974539,12974543,12974567,12974569,12974581,12974603,12974627,12974641,12974653,12974657,12974669,12974671,12974681,12974683,12974693,12974711,12974719,12974729,12974743,12974747,12974813,12974831,12974839,12974849,12974851,12974903,12974909,12974917,12974933,12974959,12974987,12974993,12975031,12975047,12975073,12975077,12975091,12975101,12975113,12975139,12975161,12975181,12975187,12975191,12975211,12975217,12975227,12975241,12975247,12975257,12975317,12975323,12975331,12975341,12975349,12975377,12975401,12975439,12975467,12975491,12975503,12975527,12975533,12975553,12975559,12975563,12975623,12975629,12975643,12975649,12975661,12975667,12975679,12975707,12975719,12975757,12975769,12975779,12975791,12975797,12975821,12975869,12975871,12975877,12975881,12975899,12975953,12975961,12975983,12976009,12976013,12976037,12976039,12976063,12976081,12976099,12976109,12976121,12976141,12976181,12976199,12976237,12976273,12976309,12976331,12976333,12976339,12976357,12976367,12976387,12976391,12976417,12976451,12976463,12976471,12976489,12976511,12976517,12976567,12976643,12976657,12976681,12976687,12976703,12976721,12976723,12976727,12976771,12976781,12976793,12976819,12976877,12976907,12976939,12976961,12976993,12977009,12977017,12977023,12977059,12977071,12977077,12977087,12977119,12977131,12977141,12977143,12977147,12977177,12977191,12977207,12977219,12977233,12977243,12977287,12977291,12977317,12977329,12977347,12977353,12977369,12977381,12977383,12977407,12977411,12977441,12977449,12977467,12977473,12977479,12977501,12977507,12977509,12977521,12977537,12977539,12977597,12977603,12977617,12977651,12977707,12977717,12977743,12977753,12977759,12977803,12977807,12977813,12977821,12977827,12977831,12977837,12977843,12977857,12977863,12977869,12977879,12977927,12977929,12977947,12977971,12977989,12977999,12978023,12978047,12978059,12978067,12978073,12978079,12978113,12978139,12978169,12978211,12978227,12978239,12978307,12978313,12978323,12978331,12978337,12978373,12978401,12978403,12978409,12978419,12978431,12978467,12978487,12978499,12978517,12978529,12978541,12978551,12978583,12978593,12978611,12978613,12978617,12978619,12978629,12978659,12978683,12978709,12978727,12978731,12978737,12978773,12978809,12978811,12978817,12978827,12978829,12978851,12978853,12978857,12978859,12978883,12978893,12978899,12978913,12978929,12978937,12978947,12978949,12978983,12979027,12979051,12979063,12979069,12979081,12979091,12979093,12979103,12979123,12979129,12979139,12979151,12979159,12979237,12979283,12979289,12979301,12979303,12979333,12979361,12979391,12979399,12979423,12979427,12979433,12979453,12979511,12979529,12979531,12979543,12979553,12979573,12979579,12979583,12979591,12979597,12979601,12979643,12979651,12979693,12979697,12979727,12979777,12979783,12979801,12979819,12979847,12979877,12979909,12979919,12979927,12979931,12979961,12979987,12980029,12980039,12980069,12980083,12980089,12980117,12980137,12980147,12980153,12980183,12980189,12980221,12980263,12980269,12980273,12980309,12980311,12980321,12980327,12980381,12980393,12980399,12980431,12980447,12980449,12980459,12980467,12980479,12980489,12980519,12980521,12980549,12980557,12980563,12980573,12980581,12980587,12980593,12980623,12980633,12980677,12980683,12980687,12980689,12980713,12980729,12980749,12980753,12980783,12980837,12980873,12980879,12980899,12980939,12980963,12981011,12981083,12981097,12981107,12981113,12981151,12981167,12981169,12981181,12981187,12981197,12981203,12981211,12981233,12981253,12981263,12981271,12981277,12981301,12981307,12981329,12981337,12981341,12981377,12981391,12981403,12981431,12981433,12981439,12981481,12981491,12981511,12981539,12981581,12981587,12981599,12981601,12981611,12981613,12981623,12981643,12981649,12981667,12981679,12981691,12981733,12981737,12981751,12981797,12981803,12981827,12981851,12981869,12981893,12981911,12981949,12981961,12981967,12981973,12981977,12982003,12982007,12982019,12982027,12982031,12982037,12982043,12982049,12982063,12982091,12982139,12982141,12982147,12982157,12982171,12982181,12982213,12982243,12982253,12982261,12982267,12982283,12982303,12982309,12982331,12982349,12982351,12982367,12982369,12982379,12982381,12982427,12982433,12982471,12982477,12982507,12982553,12982559,12982573,12982601,12982621,12982667,12982687,12982699,12982703,12982709,12982729,12982751,12982759,12982789,12982793,12982859,12982889,12982897,12982901,12982903,12982919,12982973,12982999,12983051,12983071,12983093,12983107,12983111,12983153,12983161,12983167,12983171,12983207,12983237,12983239,12983249,12983261,12983281,12983287,12983309,12983351,12983371,12983381,12983401,12983417,12983447,12983471,12983483,12983489,12983497,12983519,12983533,12983539,12983603,12983611,12983623,12983657,12983681,12983683,12983687,12983713,12983723,12983759,12983771,12983779,12983791,12983819,12983833,12983837,12983843,12983849,12983857,12983879,12983899,12983923,12983941,12983959,12983963,12983977,12983987,12984007,12984017,12984019,12984031,12984053,12984089,12984113,12984149,12984157,12984193,12984211,12984217,12984221,12984229,12984233,12984241,12984247,12984269,12984281,12984287,12984289,12984329,12984347,12984359,12984401,12984403,12984427,12984451,12984457,12984463,12984473,12984487,12984493,12984497,12984509,12984511,12984527,12984553,12984563,12984571,12984599,12984611,12984613,12984649,12984683,12984689,12984701,12984703,12984707,12984709,12984731,12984739,12984749,12984757,12984767,12984791,12984869,12984871,12984893,12984913,12984931,12984971,12984973,12984989,12985003,12985013,12985031,12985033,12985043,12985051,12985057,12985079,12985103,12985123,12985129,12985139,12985153,12985157,12985163,12985171,12985177,12985213,12985223,12985277,12985283,12985289,12985319,12985333,12985339,12985351,12985361,12985381,12985387,12985391,12985393,12985421,12985429,12985447,12985463,12985481,12985523,12985549,12985597,12985601,12985633,12985657,12985663,12985667,12985669,12985673,12985697,12985703,12985717,12985727,12985747,12985799,12985801,12985867,12985891,12985919,12985969,12985981,12985991,12986003,12986009,12986023,12986027,12986033,12986041,12986081,12986089,12986111,12986153,12986203,12986209,12986213,12986221,12986227,12986231,12986243,12986261,12986273,12986279,12986333,12986339,12986341,12986357,12986359,12986377,12986383,12986399,12986411,12986497,12986503,12986507,12986509,12986527,12986563,12986579,12986581,12986599,12986609,12986647,12986653,12986669,12986689,12986707,12986713,12986719,12986723,12986783,12986797,12986801,12986807,12986833,12986837,12986849,12986863,12986879,12986921,12986933,12986951,12986959,12986971,12986999,12987017,12987053,12987059,12987071,12987077,12987097,12987103,12987137,12987151,12987179,12987199,12987217,12987229,12987253,12987307,12987319,12987329,12987343,12987353,12987361,12987367,12987379,12987397,12987409,12987413,12987437,12987461,12987467,12987497,12987509,12987523,12987547,12987551,12987577,12987581,12987587,12987593,12987599,12987647,12987707,12987713,12987761,12987769,12987781,12987797,12987829,12987833,12987841,12987869,12987889,12987899,12987907,12987917,12987967,12987971,12987973,12988007,12988033,12988043,12988049,12988069,12988081,12988099,12988159,12988207,12988219,12988247,12988273,12988277,12988291,12988301,12988361,12988363,12988427,12988429,12988447,12988483,12988487,12988489,12988501,12988511,12988529,12988541,12988543,12988579,12988601,12988603,12988621,12988637,12988639,12988643,12988681,12988691,12988699,12988711,12988747,12988757,12988769,12988793,12988819,12988831,12988849,12988853,12988861,12988879,12988883,12988889,12988891,12988931,12988957,12989017,12989023,12989033,12989057,12989059,12989063,12989069,12989077,12989083,12989111,12989117,12989131,12989143,12989149,12989153,12989159,12989161,12989189,12989191,12989201,12989209,12989219,12989233,12989239,12989261,12989267,12989269,12989281,12989287,12989297,12989299,12989321,12989323,12989329,12989351,12989387,12989429,12989441,12989453,12989507,12989519,12989539,12989563,12989591,12989623,12989629,12989653,12989657,12989677,12989681,12989729,12989747,12989773,12989777,12989783,12989789,12989791,12989803,12989807,12989861,12989881,12989897,12989927,12989957,12989987,12989993,12990007,12990013,12990041,12990059,12990079,12990097,12990119,12990127,12990137,12990139,12990149,12990151,12990157,12990163,12990169,12990179,12990181,12990191,12990199,12990217,12990221,12990223,12990233,12990253,12990269,12990311,12990323,12990361,12990371,12990403,12990409,12990421,12990427,12990437,12990451,12990473,12990479,12990487,12990491,12990493,12990503,12990541,12990553,12990557,12990583,12990587,12990619,12990631,12990641,12990647,12990667,12990673,12990689,12990701,12990749,12990787,12990793,12990833,12990853,12990871,12990899,12990949,12990979,12991037,12991049,12991051,12991057,12991061,12991073,12991087,12991103,12991127,12991141,12991157,12991163,12991171,12991177,12991189,12991229,12991249,12991261,12991267,12991291,12991331,12991339,12991351,12991361,12991373,12991379,12991393,12991397,12991423,12991427,12991439,12991453,12991457,12991487,12991499,12991513,12991523,12991541,12991543,12991567,12991571,12991603,12991609,12991613,12991661,12991673,12991679,12991703,12991717,12991721,12991729,12991733,12991747,12991751,12991753,12991777,12991799,12991807,12991813,12991871,12991879,12991931,12991939,12991967,12991969,12991981,12992003,12992009,12992017,12992051,12992059,12992093,12992101,12992123,12992129,12992137,12992141,12992153,12992159,12992179,12992197,12992201,12992209,12992251,12992269,12992281,12992293,12992299,12992303,12992323,12992327,12992339,12992341,12992381,12992411,12992417,12992423,12992459,12992461,12992479,12992489,12992501,12992519,12992527,12992533,12992543,12992549,12992591,12992593,12992611,12992621,12992653,12992659,12992663,12992671,12992687,12992717,12992753,12992761,12992797,12992807,12992831,12992839,12992851,12992857,12992867,12992933,12992971,12992983,12993007,12993037,12993041,12993047,12993059,12993067,12993077,12993107,12993119,12993121,12993133,12993173,12993191,12993193,12993221,12993251,12993259,12993263,12993271,12993289,12993293,12993301,12993311,12993313,12993317,12993329,12993373,12993391,12993419,12993451,12993481,12993493,12993499,12993509,12993571,12993599,12993601,12993613,12993641,12993649,12993677,12993691,12993703,12993719,12993727,12993731,12993737,12993803,12993811,12993817,12993821,12993847,12993863,12993887,12993889,12993907,12993917,12993931,12993941,12993947,12993971,12993979,12993989,12994027,12994031,12994087,12994097,12994099,12994133,12994151,12994229,12994237,12994243,12994249,12994297,12994321,12994343,12994351,12994361,12994367,12994391,12994393,12994427,12994441,12994451,12994453,12994463,12994469,12994481,12994483,12994489,12994493,12994507,12994529,12994577,12994591,12994601,12994627,12994649,12994679,12994687,12994703,12994739,12994757,12994759,12994777,12994811,12994823,12994853,12994867,12994873,12994897,12994907,12994913,12994937,12994939,12994951,12994973,12994997,12994999,12995011,12995027,12995033,12995039,12995041,12995051,12995053,12995083,12995117,12995137,12995141,12995149,12995153,12995167,12995173,12995179,12995189,12995197,12995233,12995239,12995243,12995267,12995273,12995287,12995291,12995309,12995321,12995329,12995341,12995347,12995351,12995369,12995371,12995377,12995413,12995431,12995459,12995461,12995467,12995491,12995519,12995537,12995539,12995551,12995561,12995657,12995663,12995687,12995699,12995707,12995711,12995747,12995779,12995797,12995821,12995861,12995863,12995887,12995903,12995909,12995951,12995953,12995959,12995987,12995999,12996001,12996013,12996023,12996043,12996059,12996079,12996091,12996097,12996119,12996121,12996131,12996149,12996163,12996199,12996229,12996239,12996241,12996251,12996257,12996271,12996281,12996283,12996293,12996301,12996317,12996329,12996331,12996341,12996349,12996359,12996367,12996391,12996413,12996421,12996433,12996457,12996499,12996523,12996539,12996547,12996559,12996629,12996637,12996647,12996661,12996667,12996673,12996677,12996733,12996743,12996751,12996757,12996761,12996773,12996787,12996791,12996803,12996827,12996839,12996853,12996859,12996871,12996881,12996911,12996923,12996941,12996947,12996979,12996989,12997003,12997009,12997013,12997037,12997069,12997081,12997097,12997099,12997111,12997151,12997157,12997181,12997207,12997213,12997217,12997247,12997253,12997279,12997289,12997291,12997297,12997337,12997343,12997357,12997379,12997381,12997399,12997403,12997409,12997421,12997433,12997441,12997477,12997483,12997489,12997493,12997499,12997513,12997519,12997541,12997549,12997573,12997591,12997603,12997609,12997631,12997637,12997651,12997669,12997679,12997681,12997763,12997781,12997801,12997847,12997849,12997909,12997913,12997927,12997937,12997939,12997961,12997987,12998053,12998057,12998077,12998087,12998093,12998099,12998131,12998143,12998171,12998221,12998263,12998267,12998281,12998287,12998309,12998317,12998327,12998329,12998347,12998369,12998383,12998389,12998399,12998411,12998417,12998431,12998437,12998441,12998449,12998459,12998471,12998483,12998509,12998521,12998561,12998567,12998569,12998593,12998597,12998617,12998633,12998647,12998653,12998663,12998669,12998683,12998707,12998719,12998731,12998753,12998759,12998767,12998789,12998809,12998813,12998819,12998849,12998861,12998903,12998941,12998957,12998959,12998969,12998977,12998981,12998987,12999043,12999053,12999061,12999083,12999089,12999127,12999131,12999143,12999149,12999157,12999179,12999187,12999191,12999193,12999223,12999241,12999253,12999263,12999289,12999313,12999331,12999359,12999361,12999367,12999379,12999397,12999409,12999421,12999431,12999451,12999457,12999463,12999473,12999479,12999521,12999533,12999557,12999559,12999563,12999587,12999641,12999653,12999673,12999677,12999703,12999719,12999731,12999737,12999797,12999799,12999863,12999869,12999919,12999929,12999937,12999941,12999947,12999949,12999953,12999967,12999977,12999979,12999983,12999989,12999997,13000027,13000049,13000069,13000081,13000133,13000139,13000159,13000177,13000187,13000201,13000213,13000217,13000219,13000243,13000249,13000261,13000277,13000297,13000301,13000303,13000307,13000327,13000331,13000333,13000349,13000367,13000397,13000411,13000457,13000469,13000483,13000489,13000499,13000511,13000553,13000583,13000601,13000627,13000633,13000651,13000657,13000667,13000679,13000711,13000723,13000751,13000753,13000781,13000829,13000831,13000849,13000861,13000877,13000891,13000909,13000913,13000919,13000943,13000963,13000973,13000979,13000987,13000993,13001029,13001057,13001071,13001089,13001101,13001119,13001129,13001147,13001159,13001161,13001173,13001213,13001237,13001239,13001269,13001273,13001291,13001321,13001323,13001341,13001347,13001389,13001407,13001459,13001477,13001489,13001501,13001507,13001531,13001533,13001539,13001543,13001557,13001603,13001621,13001627,13001663,13001669,13001671,13001683,13001717,13001731,13001749,13001759,13001761,13001789,13001827,13001843,13001861,13001897,13001917,13001959,13001981,13001993,13002019,13002029,13002037,13002053,13002071,13002079,13002083,13002091,13002097,13002109,13002131,13002139,13002149,13002163,13002167,13002173,13002181,13002193,13002203,13002233,13002239,13002257,13002287,13002307,13002313,13002323,13002377,13002397,13002421,13002427,13002439,13002463,13002481,13002487,13002491,13002499,13002511,13002529,13002551,13002581,13002589,13002601,13002607,13002629,13002677,13002709,13002721,13002767,13002779,13002791,13002793,13002809,13002877,13002881,13002883,13002887,13002901,13002917,13002923,13002949,13002953,13002971,13003007,13003009,13003013,13003019,13003037,13003051,13003061,13003091,13003099,13003127,13003129,13003171,13003219,13003231,13003247,13003259,13003301,13003313,13003363,13003369,13003399,13003433,13003439,13003451,13003457,13003469,13003483,13003493,13003499,13003511,13003517,13003531,13003547,13003559,13003577,13003597,13003607,13003609,13003621,13003643,13003699,13003703,13003741,13003747,13003801,13003807,13003841,13003877,13003883,13003889,13003937,13003951,13003957,13003979,13003987,13004051,13004063,13004071,13004077,13004081,13004083,13004087,13004129,13004137,13004143,13004161,13004197,13004203,13004207,13004261,13004263,13004297,13004311,13004317,13004323,13004333,13004347,13004351,13004359,13004363,13004377,13004389,13004393,13004449,13004461,13004479,13004483,13004489,13004491,13004513,13004521,13004527,13004539,13004543,13004587,13004597,13004599,13004639,13004647,13004653,13004657,13004671,13004713,13004753,13004777,13004801,13004807,13004809,13004819,13004833,13004843,13004851,13004863,13004879,13004891,13004909,13004917,13004921,13004933,13004939,13004941,13004969,13004989,13004993,13005007,13005011,13005029,13005037,13005053,13005061,13005073,13005103,13005121,13005127,13005131,13005133,13005173,13005191,13005197,13005199,13005203,13005211,13005227,13005233,13005259,13005263,13005269,13005277,13005301,13005319,13005331,13005359,13005371,13005397,13005401,13005403,13005413,13005431,13005439,13005449,13005457,13005491,13005521,13005539,13005563,13005581,13005589,13005599,13005623,13005631,13005637,13005673,13005679,13005683,13005701,13005703,13005719,13005721,13005739,13005757,13005761,13005767,13005859,13005893,13005911,13005917,13005919,13005929,13005931,13005997,13006001,13006009,13006027,13006031,13006033,13006039,13006057,13006069,13006111,13006121,13006153,13006163,13006177,13006199,13006219,13006249,13006261,13006271,13006283,13006289,13006291,13006321,13006327,13006333,13006361,13006363,13006379,13006381,13006387,13006421,13006423,13006447,13006457,13006459,13006489,13006493,13006501,13006537,13006541,13006559,13006579,13006589,13006613,13006627,13006667,13006691,13006699,13006709,13006711,13006723,13006739,13006793,13006817,13006831,13006837,13006843,13006867,13006871,13006879,13006897,13006907,13006913,13006919,13006933,13006951,13006967,13006997,13007003,13007009,13007041,13007053,13007069,13007087,13007119,13007123,13007143,13007171,13007173,13007219,13007221,13007231,13007233,13007243,13007249,13007257,13007273,13007303,13007339,13007347,13007353,13007369,13007377,13007411,13007417,13007437,13007441,13007453,13007479,13007483,13007509,13007513,13007521,13007539,13007557,13007597,13007611,13007641,13007653,13007663,13007681,13007699,13007707,13007711,13007741,13007749,13007777,13007791,13007821,13007833,13007851,13007867,13007881,13007893,13007899,13007923,13007959,13007963,13007971,13007987,13008019,13008101,13008113,13008119,13008137,13008139,13008167,13008173,13008181,13008209,13008223,13008239,13008241,13008253,13008263,13008299,13008301,13008319,13008353,13008367,13008419,13008427,13008449,13008461,13008469,13008481,13008493,13008503,13008517,13008539,13008557,13008563,13008599,13008601,13008607,13008629,13008637,13008643,13008647,13008659,13008679,13008701,13008703,13008713,13008727,13008761,13008763,13008773,13008781,13008811,13008881,13008883,13008913,13008917,13008923,13008929,13008943,13008949,13008971,13008973,13008979,13008997,13009001,13009019,13009021,13009027,13009067,13009069,13009123,13009127,13009169,13009207,13009223,13009253,13009273,13009277,13009279,13009291,13009303,13009307,13009309,13009331,13009333,13009343,13009379,13009387,13009391,13009439,13009453,13009463,13009489,13009501,13009511,13009517,13009561,13009567,13009571,13009589,13009609,13009613,13009639,13009663,13009687,13009691,13009721,13009723,13009729,13009747,13009757,13009769,13009771,13009781,13009807,13009817,13009823,13009901,13009907,13009921,13009939,13009943,13009949,13009961,13009967,13010047,13010059,13010143,13010147,13010159,13010191,13010197,13010213,13010293,13010317,13010339,13010411,13010419,13010447,13010477,13010561,13010563,13010609,13010623,13010633,13010659,13010689,13010693,13010713,13010737,13010749,13010771,13010779,13010783,13010813,13010827,13010843,13010849,13010861,13010887,13010891,13010909,13010911,13010923,13010927,13010929,13010941,13010951,13010969,13010971,13010993,13011007,13011059,13011071,13011073,13011079,13011091,13011107,13011113,13011121,13011133,13011197,13011203,13011209,13011223,13011253,13011281,13011283,13011287,13011293,13011311,13011319,13011337,13011347,13011367,13011407,13011421,13011431,13011437,13011463,13011469,13011487,13011529,13011539,13011541,13011563,13011569,13011577,13011587,13011617,13011619,13011623,13011631,13011641,13011697,13011703,13011707,13011763,13011769,13011773,13011781,13011787,13011793,13011797,13011811,13011829,13011839,13011841,13011863,13011881,13011893,13011917,13011937,13011959,13011961,13011967,13012001,13012007,13012019,13012061,13012079,13012081,13012117,13012141,13012147,13012171,13012217,13012229,13012231,13012243,13012247,13012261,13012291,13012301,13012303,13012309,13012333,13012367,13012369,13012379,13012393,13012403,13012409,13012427,13012471,13012487,13012499,13012523,13012543,13012553,13012579,13012589,13012609,13012669,13012679,13012691,13012693,13012697,13012709,13012717,13012721,13012723,13012751,13012757,13012759,13012787,13012799,13012849,13012859,13012861,13012873,13012889,13012913,13012921,13012927,13012933,13012943,13012969,13012999,13013023,13013027,13013057,13013059,13013071,13013129,13013131,13013137,13013179,13013197,13013227,13013243,13013261,13013267,13013269,13013291,13013293,13013303,13013317,13013327,13013333,13013339,13013353,13013369,13013387,13013389,13013393,13013417,13013437,13013443,13013467,13013509,13013513,13013527,13013543,13013549,13013593,13013621,13013629,13013639,13013641,13013647,13013657,13013659,13013681,13013701,13013713,13013717,13013731,13013743,13013747,13013761,13013771,13013773,13013813,13013827,13013839,13013849,13013863,13013867,13013873,13013909,13013921,13013939,13013941,13013963,13013969,13013977,13013981,13013999,13014007,13014049,13014073,13014077,13014103,13014173,13014191,13014193,13014247,13014257,13014263,13014307,13014311,13014319,13014349,13014403,13014413,13014427,13014461,13014479,13014493,13014497,13014511,13014523,13014541,13014581,13014583,13014607,13014611,13014613,13014623,13014641,13014643,13014647,13014739,13014763,13014769,13014779,13014821,13014893,13014901,13014913,13014923,13014959,13014973,13014983,13015003,13015007,13015043,13015049,13015073,13015109,13015117,13015127,13015129,13015151,13015153,13015181,13015187,13015213,13015241,13015267,13015273,13015279,13015291,13015333,13015339,13015351,13015357,13015391,13015423,13015427,13015433,13015439,13015441,13015451,13015469,13015501,13015517,13015531,13015537,13015549,13015559,13015571,13015579,13015603,13015609,13015619,13015633,13015643,13015669,13015721,13015729,13015733,13015759,13015763,13015777,13015781,13015789,13015831,13015837,13015921,13015943,13015949,13015963,13015967,13015979,13015991,13016009,13016011,13016021,13016027,13016051,13016053,13016071,13016093,13016117,13016123,13016141,13016149,13016177,13016189,13016207,13016209,13016231,13016239,13016243,13016251,13016257,13016261,13016281,13016293,13016299,13016327,13016371,13016431,13016449,13016473,13016477,13016513,13016519,13016561,13016567,13016569,13016587,13016599,13016623,13016677,13016681,13016687,13016699,13016719,13016723,13016741,13016743,13016749,13016753,13016771,13016797,13016813,13016819,13016867,13016891,13016893,13016903,13016923,13016929,13016953,13016963,13016987,13016999,13017029,13017031,13017079,13017091,13017097,13017101,13017113,13017127,13017157,13017161,13017163,13017181,13017197,13017209,13017239,13017247,13017269,13017283,13017289,13017293,13017313,13017331,13017349,13017397,13017419,13017421,13017437,13017443,13017463,13017469,13017479,13017481,13017503,13017509,13017523,13017539,13017547,13017553,13017569,13017577,13017593,13017629,13017643,13017649,13017659,13017671,13017677,13017689,13017703,13017707,13017709,13017757,13017773,13017791,13017811,13017833,13017841,13017847,13017859,13017889,13017929,13017947,13017959,13017967,13018001,13018003,13018009,13018037,13018051,13018081,13018087,13018111,13018123,13018127,13018139,13018153,13018177,13018183,13018199,13018217,13018219,13018241,13018259,13018267,13018289,13018319,13018333,13018349,13018367,13018373,13018393,13018403,13018451,13018457,13018459,13018463,13018469,13018471,13018493,13018501,13018513,13018519,13018531,13018541,13018547,13018567,13018573,13018589,13018613,13018619,13018627,13018639,13018669,13018673,13018679,13018697,13018711,13018717,13018727,13018739,13018757,13018777,13018801,13018807,13018823,13018847,13018871,13018909,13018919,13018921,13018927,13018969,13018979,13018987,13018997,13019003,13019021,13019033,13019051,13019053,13019063,13019077,13019087,13019113,13019137,13019143,13019159,13019179,13019183,13019189,13019213,13019221,13019233,13019249,13019261,13019273,13019309,13019323,13019359,13019401,13019417,13019431,13019443,13019459,13019491,13019519,13019527,13019549,13019551,13019557,13019561,13019599,13019647,13019651,13019663,13019681,13019683,13019689,13019701,13019729,13019737,13019749,13019759,13019761,13019789,13019791,13019801,13019803,13019813,13019857,13019879,13019887,13019917,13019933,13019947,13019953,13019957,13019971,13019983,13019989,13019999,13020017,13020037,13020053,13020071,13020103,13020109,13020121,13020131,13020151,13020157,13020169,13020173,13020191,13020197,13020209,13020211,13020223,13020229,13020233,13020251,13020307,13020331,13020347,13020361,13020367,13020373,13020383,13020431,13020439,13020467,13020503,13020523,13020541,13020577,13020587,13020607,13020613,13020629,13020641,13020647,13020649,13020653,13020659,13020671,13020673,13020677,13020703,13020727,13020731,13020751,13020767,13020773,13020779,13020803,13020809,13020853,13020857,13020883,13020893,13020901,13020907,13020911,13020977,13020979,13020983,13020991,13021009,13021027,13021033,13021049,13021051,13021069,13021079,13021117,13021139,13021163,13021171,13021189,13021207,13021219,13021247,13021273,13021277,13021331,13021357,13021367,13021387,13021391,13021399,13021429,13021433,13021451,13021453,13021469,13021513,13021523,13021529,13021543,13021549,13021573,13021583,13021597,13021607,13021633,13021663,13021681,13021699,13021721,13021727,13021741,13021751,13021753,13021763,13021769,13021777,13021823,13021843,13021861,13021889,13021901,13021909,13021913,13021927,13021993,13021999,13022003,13022027,13022029,13022033,13022041,13022059,13022063,13022069,13022083,13022099,13022129,13022143,13022147,13022161,13022171,13022231,13022257,13022267,13022293,13022311,13022333,13022351,13022369,13022371,13022377,13022389,13022413,13022417,13022423,13022441,13022497,13022501,13022509,13022521,13022551,13022567,13022587,13022591,13022609,13022627,13022641,13022651,13022687,13022699,13022701,13022717,13022719,13022729,13022741,13022743,13022773,13022777,13022803,13022831,13022861,13022869,13022879,13022881,13022897,13022909,13022957,13022959,13022963,13023013,13023029,13023053,13023067,13023119,13023133,13023167,13023169,13023181,13023187,13023191,13023203,13023251,13023253,13023271,13023287,13023289,13023383,13023389,13023391,13023421,13023427,13023433,13023457,13023481,13023487,13023499,13023509,13023529,13023541,13023551,13023587,13023611,13023623,13023641,13023677,13023679,13023701,13023707,13023737,13023761,13023763,13023781,13023793,13023809,13023847,13023851,13023859,13023877,13023893,13023919,13023931,13023947,13023961,13023971,13023973,13023979,13023991,13024007,13024009,13024013,13024021,13024087,13024117,13024129,13024133,13024153,13024181,13024199,13024201,13024213,13024223,13024237,13024241,13024303,13024307,13024321,13024337,13024339,13024357,13024391,13024409,13024469,13024483,13024507,13024513,13024541,13024547,13024559,13024573,13024589,13024597,13024607,13024637,13024673,13024679,13024699,13024721,13024723,13024751,13024763,13024769,13024793,13024813,13024849,13024853,13024871,13024889,13024901,13024919,13024927,13024931,13024981,13025027,13025057,13025059,13025083,13025119,13025123,13025137,13025141,13025149,13025183,13025209,13025219,13025231,13025267,13025297,13025329,13025351,13025357,13025359,13025401,13025407,13025459,13025477,13025479,13025491,13025497,13025503,13025527,13025557,13025561,13025563,13025581,13025647,13025681,13025687,13025707,13025717,13025737,13025743,13025759,13025767,13025777,13025783,13025801,13025807,13025899,13025911,13025917,13025923,13025933,13025953,13025977,13025989,13025993,13026011,13026019,13026023,13026043,13026049,13026067,13026137,13026179,13026187,13026203,13026239,13026253,13026259,13026271,13026281,13026283,13026289,13026311,13026319,13026323,13026337,13026347,13026359,13026373,13026383,13026401,13026413,13026427,13026439,13026449,13026469,13026491,13026493,13026511,13026521,13026569,13026577,13026581,13026589,13026593,13026613,13026617,13026659,13026667,13026679,13026691,13026703,13026707,13026731,13026749,13026779,13026781,13026821,13026823,13026833,13026883,13026911,13026953,13026967,13026983,13027013,13027031,13027051,13027067,13027087,13027097,13027109,13027121,13027127,13027181,13027207,13027229,13027243,13027277,13027309,13027349,13027387,13027397,13027429,13027433,13027439,13027447,13027459,13027477,13027489,13027493,13027501,13027513,13027519,13027523,13027579,13027621,13027633,13027639,13027643,13027669,13027691,13027697,13027717,13027723,13027727,13027733,13027739,13027769,13027793,13027801,13027813,13027841,13027853,13027871,13027891,13027897,13027943,13027951,13027979,13027981,13027991,13027997,13028009,13028023,13028027,13028123,13028149,13028173,13028177,13028179,13028207,13028233,13028251,13028263,13028291,13028297,13028299,13028317,13028333,13028347,13028359,13028363,13028369,13028371,13028387,13028399,13028413,13028417,13028423,13028437,13028459,13028461,13028467,13028473,13028479,13028489,13028501,13028503,13028531,13028539,13028581,13028591,13028599,13028651,13028671,13028689,13028707,13028731,13028761,13028767,13028789,13028797,13028819,13028843,13028863,13028881,13028893,13028909,13028933,13028941,13028947,13028963,13029001,13029019,13029053,13029059,13029061,13029067,13029077,13029131,13029151,13029161,13029169,13029179,13029197,13029223,13029227,13029241,13029253,13029271,13029299,13029319,13029329,13029343,13029347,13029371,13029377,13029407,13029427,13029437,13029449,13029451,13029479,13029491,13029493,13029521,13029547,13029571,13029581,13029617,13029637,13029683,13029713,13029727,13029733,13029743,13029749,13029761,13029781,13029791,13029811,13029823,13029833,13029847,13029851,13029853,13029859,13029881,13029893,13029911,13029931,13029943,13029971,13029977,13029979,13030037,13030051,13030079,13030081,13030097,13030117,13030123,13030151,13030159,13030183,13030189,13030201,13030217,13030229,13030231,13030267,13030273,13030291,13030307,13030319,13030343,13030349,13030363,13030373,13030379,13030403,13030453,13030463,13030487,13030499,13030513,13030543,13030547,13030553,13030583,13030621,13030631,13030651,13030679,13030691,13030723,13030747,13030753,13030769,13030783,13030793,13030877,13030921,13030931,13030933,13030937,13030961,13030967,13030973,13030981,13030987,13030999,13031009,13031033,13031099,13031101,13031159,13031171,13031189,13031201,13031233,13031243,13031261,13031309,13031329,13031339,13031351,13031383,13031393,13031407,13031413,13031419,13031429,13031441,13031443,13031461,13031467,13031479,13031489,13031509,13031519,13031521,13031531,13031533,13031539,13031561,13031617,13031621,13031651,13031653,13031671,13031677,13031717,13031719,13031723,13031771,13031779,13031783,13031789,13031797,13031813,13031827,13031849,13031899,13031981,13031983,13031989,13031999,13032017,13032023,13032031,13032037,13032083,13032133,13032143,13032169,13032193,13032199,13032209,13032221,13032277,13032287,13032289,13032293,13032317,13032337,13032373,13032377,13032379,13032391,13032401,13032419,13032427,13032449,13032469,13032479,13032511,13032517,13032527,13032529,13032533,13032553,13032563,13032581,13032587,13032601,13032611,13032623,13032653,13032671,13032703,13032713,13032731,13032749,13032757,13032787,13032809,13032857,13032869,13032883,13032889,13032911,13032949,13032953,13032979,13033001,13033003,13033049,13033063,13033073,13033087,13033099,13033103,13033109,13033187,13033193,13033261,13033289,13033327,13033333,13033337,13033351,13033357,13033379,13033393,13033409,13033417,13033421,13033439,13033459,13033463,13033469,13033481,13033529,13033549,13033567,13033589,13033591,13033619,13033621,13033627,13033637,13033651,13033661,13033697,13033729,13033751,13033763,13033807,13033817,13033831,13033841,13033843,13033861,13033877,13033901,13033921,13033927,13033957,13034009,13034011,13034033,13034039,13034041,13034051,13034059,13034081,13034093,13034129,13034141,13034143,13034159,13034173,13034191,13034201,13034227,13034267,13034293,13034303,13034309,13034327,13034363,13034387,13034423,13034429,13034431,13034443,13034459,13034467,13034473,13034479,13034501,13034503,13034507,13034519,13034521,13034561,13034579,13034603,13034617,13034647,13034683,13034687,13034689,13034713,13034731,13034737,13034743,13034759,13034797,13034803,13034809,13034831,13034837,13034887,13034897,13034927,13034941,13034963,13034993,13035013,13035023,13035037,13035041,13035053,13035091,13035119,13035131,13035133,13035163,13035167,13035173,13035179,13035193,13035199,13035223,13035241,13035251,13035289,13035301,13035313,13035329,13035331,13035353,13035361,13035389,13035409,13035437,13035443,13035461,13035467,13035487,13035523,13035551,13035571,13035601,13035613,13035623,13035629,13035643,13035647,13035667,13035689,13035707,13035709,13035713,13035727,13035739,13035769,13035797,13035809,13035823,13035833,13035851,13035857,13035859,13035887,13035899,13035907,13035943,13035947,13035959,13035973,13036007,13036013,13036021,13036031,13036043,13036139,13036183,13036201,13036217,13036241,13036253,13036259,13036271,13036301,13036307,13036313,13036327,13036339,13036349,13036363,13036369,13036379,13036409,13036411,13036447,13036459,13036487,13036511,13036519,13036537,13036553,13036579,13036589,13036591,13036601,13036613,13036627,13036633,13036649,13036663,13036669,13036687,13036693,13036711,13036721,13036757,13036787,13036789,13036801,13036819,13036823,13036843,13036853,13036867,13036871,13036873,13036901,13036939,13036951,13036963,13036967,13036973,13036999,13037009,13037023,13037027,13037033,13037039,13037051,13037069,13037071,13037093,13037111,13037117,13037119,13037131,13037161,13037177,13037179,13037183,13037203,13037207,13037231,13037237,13037273,13037279,13037293,13037309,13037333,13037371,13037399,13037411,13037429,13037441,13037447,13037459,13037461,13037503,13037509,13037533,13037537,13037543,13037551,13037561,13037567,13037569,13037603,13037641,13037663,13037669,13037671,13037677,13037681,13037707,13037719,13037737,13037741,13037747,13037749,13037767,13037777,13037779,13037789,13037797,13037813,13037821,13037833,13037839,13037863,13037891,13037903,13037909,13037911,13037939,13037951,13037977,13038001,13038043,13038059,13038071,13038083,13038089,13038101,13038107,13038121,13038131,13038149,13038169,13038203,13038209,13038211,13038241,13038247,13038251,13038257,13038283,13038293,13038307,13038329,13038367,13038373,13038391,13038407,13038437,13038481,13038497,13038523,13038547,13038577,13038601,13038607,13038611,13038637,13038647,13038673,13038691,13038703,13038721,13038733,13038743,13038757,13038799,13038827,13038829,13038833,13038853,13038863,13038877,13038889,13038931,13038947,13038973,13038979,13039021,13039027,13039049,13039063,13039087,13039093,13039097,13039099,13039109,13039141,13039151,13039157,13039181,13039223,13039231,13039253,13039283,13039291,13039331,13039349,13039361,13039373,13039393,13039399,13039417,13039423,13039427,13039441,13039483,13039513,13039553,13039571,13039573,13039603,13039639,13039673,13039703,13039709,13039711,13039721,13039751,13039753,13039759,13039777,13039823,13039841,13039843,13039847,13039849,13039853,13039883,13039889,13039891,13039921,13039951,13039963,13039967,13039973,13039981,13039987,13039991,13039993,13040029,13040059,13040081,13040089,13040101,13040107,13040117,13040123,13040141,13040161,13040171,13040177,13040179,13040189,13040219,13040231,13040257,13040267,13040273,13040281,13040297,13040323,13040341,13040347,13040353,13040359,13040381,13040449,13040483,13040497,13040527,13040543,13040549,13040561,13040603,13040617,13040623,13040627,13040639,13040659,13040689,13040693,13040743,13040771,13040779,13040789,13040827,13040837,13040843,13040857,13040861,13040873,13040899,13040917,13040957,13040959,13041001,13041013,13041029,13041037,13041059,13041071,13041101,13041103,13041107,13041109,13041113,13041121,13041143,13041187,13041191,13041211,13041247,13041269,13041293,13041307,13041313,13041323,13041331,13041337,13041361,13041367,13041383,13041401,13041407,13041433,13041439,13041463,13041473,13041487,13041521,13041547,13041559,13041571,13041577,13041631,13041641,13041643,13041647,13041661,13041673,13041683,13041767,13041799,13041803,13041817,13041823,13041841,13041877,13041881,13041883,13041893,13041901,13041911,13041913,13041937,13041949,13041997,13042013,13042033,13042069,13042087,13042091,13042097,13042109,13042129,13042157,13042163,13042207,13042259,13042273,13042277,13042283,13042307,13042313,13042321,13042333,13042339,13042409,13042423,13042429,13042439,13042441,13042457,13042499,13042501,13042507,13042511,13042517,13042529,13042559,13042571,13042577,13042583,13042591,13042597,13042619,13042637,13042639,13042649,13042669,13042681,13042693,13042697,13042727,13042751,13042789,13042807,13042819,13042853,13042891,13042901,13042903,13042919,13042933,13042937,13042943,13042963,13042999,13043053,13043059,13043077,13043087,13043117,13043119,13043123,13043143,13043159,13043171,13043183,13043221,13043279,13043287,13043297,13043309,13043333,13043341,13043399,13043411,13043431,13043441,13043449,13043479,13043489,13043497,13043561,13043579,13043593,13043603,13043629,13043669,13043677,13043683,13043689,13043729,13043731,13043741,13043773,13043791,13043819,13043827,13043837,13043857,13043873,13043887,13043893,13043911,13043917,13043923,13043941,13043959,13043969,13043971,13043983,13043993,13043999,13044001,13044037,13044047,13044071,13044103,13044121,13044131,13044137,13044169,13044193,13044209,13044217,13044223,13044247,13044293,13044323,13044329,13044347,13044371,13044377,13044407,13044433,13044439,13044467,13044497,13044511,13044517,13044539,13044557,13044569,13044571,13044613,13044623,13044631,13044637,13044671,13044673,13044679,13044701,13044743,13044767,13044791,13044799,13044821,13044827,13044853,13044883,13044923,13044937,13044947,13044949,13044961,13044989,13045013,13045031,13045051,13045057,13045061,13045073,13045091,13045139,13045147,13045159,13045169,13045183,13045187,13045199,13045217,13045237,13045247,13045283,13045303,13045309,13045321,13045387,13045391,13045427,13045429,13045441,13045453,13045471,13045481,13045489,13045493,13045519,13045523,13045541,13045553,13045573,13045597,13045603,13045619,13045631,13045657,13045663,13045687,13045717,13045729,13045751,13045759,13045801,13045811,13045841,13045847,13045849,13045859,13045861,13045871,13045889,13045909,13045927,13045933,13045943,13045961,13045997,13045999,13046029,13046041,13046051,13046081,13046087,13046107,13046113,13046147,13046149,13046161,13046167,13046171,13046177,13046197,13046203,13046219,13046233,13046239,13046261,13046269,13046279,13046303,13046333,13046339,13046347,13046377,13046387,13046389,13046417,13046437,13046447,13046461,13046471,13046477,13046489,13046513,13046581,13046591,13046603,13046609,13046623,13046659,13046669,13046689,13046699,13046707,13046717,13046731,13046767,13046797,13046807,13046809,13046821,13046833,13046849,13046861,13046879,13046881,13046899,13046923,13046927,13046933,13046941,13046947,13046951,13046953,13046959,13046963,13046981,13046983,13046987,13047011,13047029,13047077,13047101,13047121,13047127,13047157,13047163,13047239,13047253,13047257,13047263,13047283,13047299,13047329,13047367,13047407,13047427,13047431,13047439,13047443,13047493,13047511,13047539,13047563,13047571,13047577,13047581,13047611,13047637,13047641,13047649,13047659,13047691,13047703,13047707,13047751,13047763,13047773,13047787,13047809,13047817,13047829,13047863,13047871,13047893,13047917,13047929,13047943,13047949,13047967,13047971,13047977,13047989,13048001,13048033,13048039,13048051,13048067,13048073,13048081,13048097,13048099,13048103,13048111,13048121,13048141,13048157,13048177,13048207,13048213,13048237,13048247,13048249,13048261,13048267,13048283,13048297,13048319,13048339,13048403,13048411,13048417,13048433,13048487,13048507,13048549,13048559,13048561,13048577,13048583,13048589,13048597,13048601,13048603,13048621,13048631,13048643,13048663,13048681,13048697,13048703,13048709,13048723,13048733,13048747,13048769,13048771,13048781,13048787,13048793,13048807,13048813,13048817,13048829,13048831,13048891,13048907,13048943,13048949,13048951,13048957,13048961,13048963,13048999,13049017,13049039,13049051,13049053,13049093,13049129,13049137,13049147,13049189,13049203,13049209,13049227,13049237,13049243,13049263,13049273,13049297,13049317,13049347,13049363,13049411,13049417,13049431,13049437,13049453,13049467,13049471,13049473,13049479,13049497,13049551,13049573,13049581,13049609,13049611,13049627,13049633,13049653,13049677,13049719,13049723,13049749,13049753,13049759,13049821,13049833,13049837,13049843,13049887,13049899,13049917,13049929,13049957,13049969,13049987,13050043,13050049,13050053,13050071,13050073,13050077,13050083,13050091,13050133,13050179,13050181,13050197,13050211,13050229,13050241,13050277,13050299,13050329,13050379,13050403,13050421,13050437,13050487,13050491,13050497,13050503,13050533,13050539,13050553,13050589,13050617,13050641,13050649,13050673,13050689,13050691,13050703,13050707,13050731,13050733,13050769,13050797,13050803,13050809,13050811,13050827,13050847,13050881,13050893,13050923,13050931,13050937,13050941,13050949,13050953,13050991,13051001,13051021,13051033,13051061,13051063,13051109,13051117,13051123,13051139,13051141,13051147,13051151,13051177,13051183,13051187,13051201,13051219,13051229,13051237,13051261,13051273,13051277,13051301,13051307,13051319,13051351,13051391,13051411,13051453,13051457,13051459,13051481,13051483,13051487,13051517,13051531,13051541,13051547,13051559,13051561,13051601,13051637,13051657,13051679,13051681,13051693,13051697,13051721,13051723,13051739,13051751,13051757,13051763,13051771,13051777,13051783,13051789,13051807,13051811,13051823,13051849,13051867,13051873,13051891,13051933,13051949,13051979,13051991,13052003,13052021,13052033,13052051,13052071,13052077,13052089,13052093,13052101,13052111,13052113,13052119,13052131,13052153,13052159,13052161,13052167,13052191,13052261,13052267,13052279,13052329,13052341,13052383,13052387,13052419,13052437,13052441,13052443,13052467,13052483,13052491,13052503,13052513,13052537,13052539,13052561,13052573,13052579,13052587,13052593,13052621,13052623,13052647,13052653,13052657,13052659,13052713,13052717,13052723,13052737,13052759,13052761,13052789,13052797,13052803,13052833,13052839,13052843,13052861,13052863,13052903,13052909,13052917,13052927,13052939,13052947,13052989,13052993,13053011,13053017,13053041,13053043,13053049,13053067,13053083,13053097,13053143,13053149,13053151,13053163,13053191,13053239,13053253,13053269,13053281,13053289,13053307,13053311,13053319,13053367,13053371,13053373,13053377,13053419,13053431,13053461,13053473,13053487,13053503,13053517,13053527,13053577,13053583,13053611,13053613,13053617,13053619,13053643,13053653,13053707,13053713,13053727,13053737,13053749,13053791,13053797,13053829,13053853,13053863,13053871,13053877,13053899,13053917,13053923,13053961,13054003,13054033,13054037,13054043,13054057,13054073,13054103,13054127,13054169,13054177,13054199,13054207,13054211,13054219,13054231,13054243,13054267,13054313,13054331,13054343,13054361,13054367,13054397,13054411,13054421,13054423,13054429,13054439,13054469,13054477,13054511,13054537,13054541,13054583,13054597,13054607,13054619,13054621,13054631,13054637,13054651,13054661,13054709,13054763,13054799,13054807,13054819,13054859,13054889,13054903,13054913,13054927,13054931,13054949,13054973,13054981,13054991,13055047,13055069,13055083,13055087,13055093,13055111,13055113,13055129,13055131,13055137,13055149,13055173,13055183,13055209,13055227,13055233,13055239,13055243,13055279,13055293,13055311,13055333,13055347,13055351,13055363,13055369,13055381,13055389,13055401,13055417,13055431,13055447,13055453,13055459,13055477,13055501,13055509,13055533,13055569,13055587,13055593,13055599,13055629,13055659,13055663,13055683,13055701,13055719,13055737,13055747,13055761,13055767,13055773,13055803,13055807,13055837,13055839,13055843,13055851,13055863,13055873,13055879,13055897,13055923,13055947,13055951,13055969,13055993,13056011,13056023,13056031,13056037,13056077,13056101,13056107,13056151,13056161,13056167,13056209,13056229,13056311,13056313,13056317,13056319,13056349,13056367,13056397,13056413,13056419,13056431,13056437,13056499,13056541,13056559,13056599,13056601,13056607,13056619,13056653,13056661,13056677,13056691,13056749,13056761,13056763,13056787,13056793,13056803,13056817,13056839,13056863,13056881,13056887,13056917,13056919,13056937,13056941,13056943,13056973,13057007,13057013,13057021,13057039,13057043,13057049,13057067,13057069,13057081,13057127,13057129,13057141,13057151,13057153,13057183,13057201,13057223,13057249,13057273,13057277,13057321,13057327,13057339,13057361,13057367,13057379,13057403,13057433,13057439,13057463,13057481,13057483,13057487,13057501,13057507,13057519,13057523,13057543,13057567,13057573,13057589,13057613,13057657,13057661,13057679,13057691,13057699,13057711,13057753,13057771,13057777,13057829,13057841,13057909,13057937,13057943,13057973,13058009,13058011,13058029,13058063,13058081,13058083,13058113,13058119,13058191,13058203,13058239,13058251,13058291,13058303,13058321,13058333,13058371,13058399,13058449,13058467,13058483,13058489,13058537,13058543,13058557,13058561,13058581,13058597,13058609,13058659,13058663,13058693,13058699,13058701,13058753,13058761,13058767,13058783,13058791,13058797,13058803,13058821,13058827,13058831,13058849,13058863,13058879,13058893,13058921,13058939,13058957,13058987,13058993,13059017,13059047,13059049,13059073,13059097,13059107,13059131,13059149,13059161,13059169,13059217,13059223,13059227,13059257,13059269,13059311,13059313,13059317,13059323,13059337,13059379,13059391,13059427,13059433,13059437,13059491,13059499,13059503,13059511,13059547,13059577,13059581,13059583,13059589,13059623,13059637,13059691,13059733,13059737,13059751,13059763,13059769,13059793,13059797,13059803,13059817,13059829,13059847,13059857,13059863,13059877,13059881,13059887,13059899,13059923,13059931,13059971,13059989,13060009,13060013,13060057,13060079,13060081,13060093,13060111,13060123,13060147,13060153,13060183,13060193,13060217,13060241,13060247,13060259,13060279,13060291,13060309,13060319,13060337,13060339,13060351,13060363,13060367,13060373,13060381,13060409,13060423,13060447,13060457,13060459,13060477,13060493,13060507,13060529,13060547,13060549,13060559,13060571,13060577,13060601,13060637,13060639,13060651,13060681,13060687,13060753,13060769,13060799,13060813,13060823,13060841,13060867,13060871,13060891,13060897,13060907,13060937,13060973,13060979,13061003,13061011,13061021,13061023,13061029,13061039,13061051,13061053,13061071,13061077,13061123,13061131,13061173,13061179,13061201,13061203,13061239,13061249,13061291,13061311,13061317,13061357,13061359,13061371,13061393,13061429,13061431,13061459,13061467,13061471,13061527,13061561,13061599,13061611,13061639,13061641,13061663,13061669,13061681,13061731,13061743,13061749,13061753,13061761,13061801,13061837,13061849,13061857,13061891,13061921,13061927,13061947,13061957,13062017,13062029,13062031,13062037,13062041,13062053,13062079,13062089,13062107,13062169,13062173,13062197,13062199,13062211,13062271,13062277,13062281,13062289,13062293,13062347,13062349,13062397,13062419,13062473,13062487,13062503,13062523,13062527,13062529,13062593,13062607,13062611,13062617,13062629,13062649,13062661,13062677,13062691,13062697,13062701,13062719,13062733,13062737,13062761,13062773,13062779,13062787,13062821,13062853,13062869,13062877,13062901,13062941,13062943,13062949,13062977,13062989,13062991,13063019,13063027,13063031,13063049,13063073,13063091,13063097,13063111,13063129,13063147,13063187,13063199,13063217,13063223,13063229,13063243,13063261,13063273,13063283,13063301,13063319,13063363,13063373,13063397,13063411,13063417,13063433,13063439,13063483,13063489,13063537,13063559,13063571,13063573,13063607,13063613,13063649,13063657,13063663,13063693,13063703,13063709,13063733,13063777,13063781,13063783,13063807,13063819,13063823,13063829,13063847,13063879,13063889,13063907,13063913,13063933,13063969,13063987,13064011,13064021,13064027,13064033,13064053,13064059,13064063,13064089,13064101,13064137,13064141,13064159,13064189,13064231,13064257,13064273,13064291,13064321,13064323,13064327,13064329,13064333,13064339,13064357,13064371,13064377,13064393,13064407,13064411,13064453,13064459,13064477,13064489,13064501,13064539,13064567,13064627,13064633,13064641,13064657,13064683,13064693,13064699,13064707,13064717,13064719,13064741,13064747,13064771,13064791,13064803,13064813,13064827,13064867,13064879,13064899,13064921,13064927,13064929,13064969,13064971,13064983,13065007,13065047,13065049,13065097,13065119,13065131,13065149,13065187,13065191,13065211,13065251,13065253,13065263,13065271,13065277,13065281,13065287,13065301,13065307,13065313,13065319,13065323,13065337,13065359,13065361,13065391,13065419,13065427,13065431,13065433,13065443,13065463,13065473,13065487,13065497,13065517,13065527,13065557,13065581,13065607,13065629,13065643,13065649,13065659,13065709,13065713,13065733,13065739,13065763,13065779,13065781,13065791,13065799,13065821,13065841,13065853,13065881,13065883,13065919,13065929,13065961,13065967,13065971,13065991,13066049,13066057,13066061,13066063,13066073,13066099,13066147,13066169,13066177,13066223,13066237,13066241,13066253,13066267,13066279,13066309,13066321,13066337,13066351,13066373,13066379,13066381,13066399,13066409,13066411,13066429,13066447,13066451,13066457,13066481,13066499,13066549,13066589,13066609,13066619,13066621,13066633,13066657,13066709,13066721,13066723,13066751,13066759,13066763,13066787,13066793,13066817,13066819,13066831,13066843,13066861,13066877,13066901,13066919,13066951,13066997,13067011,13067017,13067051,13067063,13067099,13067111,13067113,13067129,13067137,13067147,13067167,13067273,13067281,13067291,13067293,13067297,13067317,13067323,13067357,13067377,13067413,13067423,13067447,13067491,13067531,13067533,13067539,13067563,13067569,13067591,13067609,13067629,13067651,13067669,13067693,13067701,13067711,13067729,13067731,13067753,13067759,13067767,13067773,13067797,13067809,13067819,13067827,13067843,13067861,13067867,13067869,13067897,13067903,13067911,13067939,13067947,13067963,13067981,13067983,13067987,13068007,13068031,13068037,13068043,13068073,13068079,13068089,13068109,13068113,13068127,13068169,13068179,13068197,13068203,13068227,13068269,13068277,13068313,13068353,13068361,13068379,13068401,13068421,13068449,13068479,13068509,13068527,13068569,13068571,13068607,13068613,13068619,13068661,13068667,13068673,13068697,13068703,13068721,13068739,13068749,13068779,13068787,13068799,13068833,13068857,13068859,13068871,13068877,13068901,13068911,13068917,13068929,13068967,13068973,13068977,13068983,13068989,13069009,13069019,13069051,13069079,13069123,13069139,13069159,13069163,13069187,13069193,13069211,13069219,13069229,13069249,13069261,13069289,13069333,13069339,13069351,13069369,13069373,13069387,13069391,13069393,13069403,13069411,13069417,13069421,13069439,13069453,13069457,13069487,13069493,13069513,13069519,13069541,13069579,13069597,13069601,13069603,13069607,13069613,13069643,13069649,13069657,13069699,13069711,13069741,13069759,13069801,13069813,13069841,13069883,13069897,13069909,13069913,13069933,13069949,13069963,13069999,13070009,13070023,13070033,13070041,13070051,13070053,13070069,13070077,13070087,13070111,13070129,13070143,13070149,13070173,13070179,13070203,13070207,13070221,13070231,13070243,13070269,13070303,13070339,13070353,13070357,13070363,13070377,13070411,13070419,13070479,13070507,13070521,13070527,13070543,13070557,13070579,13070599,13070609,13070621,13070627,13070639,13070719,13070737,13070741,13070749,13070767,13070797,13070819,13070821,13070833,13070891,13070899,13070903,13070983,13070987,13070989,13071001,13071007,13071017,13071043,13071053,13071059,13071073,13071109,13071127,13071131,13071137,13071151,13071167,13071197,13071203,13071209,13071211,13071241,13071281,13071299,13071301,13071329,13071343,13071347,13071371,13071413,13071427,13071433,13071437,13071463,13071469,13071473,13071479,13071481,13071493,13071503,13071511,13071523,13071551,13071559,13071631,13071649,13071671,13071673,13071683,13071689,13071731,13071733,13071757,13071763,13071769,13071787,13071803,13071809,13071811,13071823,13071847,13071853,13071857,13071859,13071887,13071899,13071911,13071917,13071923,13071941,13071967,13071979,13072009,13072013,13072021,13072067,13072091,13072093,13072109,13072159,13072181,13072219,13072229,13072253,13072273,13072289,13072309,13072313,13072321,13072327,13072343,13072357,13072369,13072373,13072391,13072429,13072447,13072457,13072517,13072519,13072529,13072537,13072547,13072561,13072601,13072603,13072637,13072639,13072651,13072663,13072673,13072681,13072687,13072693,13072699,13072739,13072757,13072771,13072789,13072799,13072831,13072837,13072853,13072859,13072861,13072889,13072921,13072933,13072937,13072957,13072967,13072987,13072991,13073009,13073023,13073057,13073063,13073129,13073141,13073143,13073147,13073149,13073167,13073183,13073189,13073201,13073213,13073239,13073243,13073257,13073267,13073293,13073317,13073329,13073341,13073353,13073363,13073371,13073393,13073441,13073447,13073471,13073479,13073483,13073491,13073503,13073513,13073549,13073551,13073573,13073597,13073603,13073639,13073647,13073657,13073659,13073681,13073701,13073717,13073719,13073747,13073779,13073791,13073813,13073831,13073873,13073887,13073891,13073897,13073903,13073917,13073933,13073939,13073989,13073999,13074007,13074029,13074049,13074053,13074059,13074073,13074079,13074091,13074133,13074151,13074163,13074167,13074181,13074197,13074211,13074233,13074239,13074247,13074253,13074277,13074287,13074289,13074293,13074301,13074307,13074311,13074353,13074379,13074403,13074407,13074427,13074433,13074463,13074469,13074487,13074493,13074497,13074541,13074553,13074559,13074569,13074583,13074617,13074619,13074629,13074631,13074643,13074667,13074673,13074689,13074701,13074731,13074749,13074773,13074781,13074797,13074799,13074827,13074829,13074857,13074871,13074889,13074917,13074947,13074953,13074959,13075009,13075033,13075043,13075061,13075067,13075081,13075099,13075123,13075133,13075141,13075151,13075163,13075177,13075189,13075199,13075207,13075243,13075277,13075291,13075303,13075327,13075379,13075399,13075409,13075421,13075423,13075441,13075453,13075487,13075501,13075511,13075529,13075589,13075603,13075619,13075649,13075651,13075663,13075681,13075709,13075739,13075807,13075813,13075849,13075861,13075871,13075883,13075889,13075901,13075919,13075927,13075939,13075949,13075973,13075981,13075991,13076033,13076039,13076053,13076093,13076099,13076101,13076117,13076131,13076137,13076153,13076183,13076191,13076197,13076233,13076249,13076251,13076291,13076309,13076311,13076321,13076333,13076341,13076353,13076377,13076381,13076423,13076431,13076461,13076501,13076507,13076521,13076527,13076533,13076561,13076573,13076597,13076603,13076629,13076639,13076641,13076653,13076671,13076677,13076711,13076717,13076737,13076759,13076771,13076797,13076831,13076837,13076863,13076867,13076879,13076881,13076891,13076923,13076933,13076939,13076953,13076969,13076977,13076989,13077019,13077023,13077047,13077049,13077067,13077079,13077083,13077089,13077109,13077137,13077143,13077157,13077191,13077193,13077209,13077217,13077221,13077223,13077227,13077287,13077299,13077307,13077313,13077329,13077331,13077359,13077367,13077373,13077413,13077457,13077473,13077481,13077499,13077509,13077511,13077541,13077551,13077557,13077583,13077611,13077661,13077667,13077671,13077679,13077707,13077721,13077733,13077751,13077767,13077769,13077781,13077787,13077809,13077821,13077839,13077847,13077859,13077901,13077907,13077917,13077923,13077941,13077971,13077997,13078027,13078031,13078067,13078069,13078073,13078097,13078103,13078127,13078133,13078171,13078181,13078183,13078193,13078229,13078231,13078243,13078309,13078313,13078337,13078349,13078357,13078363,13078369,13078379,13078381,13078397,13078411,13078433,13078459,13078477,13078487,13078489,13078519,13078531,13078537,13078543,13078547,13078553,13078561,13078567,13078573,13078603,13078609,13078619,13078657,13078673,13078679,13078691,13078693,13078699,13078721,13078771,13078781,13078787,13078799,13078823,13078847,13078853,13078861,13078867,13078873,13078889,13078903,13078907,13078999,13079021,13079023,13079039,13079047,13079051,13079063,13079081,13079083,13079141,13079147,13079177,13079219,13079233,13079243,13079279,13079281,13079291,13079299,13079309,13079321,13079323,13079327,13079357,13079371,13079401,13079413,13079419,13079431,13079441,13079449,13079459,13079461,13079491,13079497,13079519,13079569,13079593,13079597,13079623,13079639,13079659,13079683,13079687,13079699,13079701,13079713,13079741,13079743,13079767,13079777,13079791,13079821,13079837,13079839,13079873,13079881,13079903,13079917,13079929,13079947,13080007,13080017,13080019,13080043,13080061,13080079,13080083,13080103,13080139,13080143,13080149,13080163,13080181,13080187,13080211,13080257,13080281,13080283,13080289,13080323,13080337,13080367,13080373,13080377,13080383,13080407,13080433,13080437,13080439,13080443,13080449,13080451,13080467,13080503,13080527,13080539,13080553,13080563,13080581,13080593,13080637,13080649,13080671,13080673,13080707,13080719,13080733,13080751,13080773,13080787,13080799,13080811,13080833,13080863,13080917,13080923,13080929,13080931,13080937,13080941,13080959,13080967,13080989,13081031,13081093,13081097,13081099,13081153,13081183,13081193,13081207,13081213,13081223,13081231,13081247,13081259,13081283,13081297,13081333,13081339,13081351,13081379,13081423,13081427,13081433,13081447,13081477,13081493,13081507,13081559,13081573,13081591,13081613,13081631,13081667,13081699,13081727,13081729,13081751,13081769,13081787,13081793,13081801,13081807,13081841,13081903,13081909,13081919,13081931,13081961,13081973,13081997,13082023,13082039,13082059,13082063,13082077,13082081,13082107,13082159,13082171,13082177,13082183,13082189,13082207,13082221,13082249,13082261,13082291,13082297,13082323,13082357,13082369,13082387,13082411,13082413,13082441,13082453,13082471,13082473,13082519,13082521,13082551,13082557,13082579,13082581,13082593,13082603,13082611,13082617,13082623,13082669,13082687,13082711,13082737,13082749,13082753,13082767,13082777,13082789,13082803,13082863,13082903,13082917,13082921,13082933,13082939,13082959,13082969,13082981,13082983,13082989,13083011,13083019,13083029,13083053,13083071,13083131,13083143,13083151,13083179,13083193,13083197,13083227,13083233,13083299,13083307,13083313,13083337,13083347,13083349,13083391,13083397,13083401,13083409,13083431,13083443,13083449,13083493,13083503,13083509,13083529,13083547,13083563,13083569,13083589,13083593,13083601,13083673,13083689,13083701,13083709,13083751,13083773,13083779,13083787,13083823,13083841,13083857,13083859,13083869,13083881,13083883,13083893,13083923,13083937,13083971,13083991,13084003,13084007,13084013,13084021,13084031,13084061,13084063,13084069,13084087,13084091,13084111,13084117,13084129,13084147,13084153,13084187,13084241,13084243,13084261,13084297,13084327,13084333,13084343,13084361,13084381,13084391,13084397,13084417,13084433,13084451,13084457,13084517,13084523,13084529,13084531,13084549,13084579,13084601,13084619,13084627,13084633,13084657,13084663,13084667,13084681,13084727,13084741,13084751,13084777,13084789,13084807,13084823,13084871,13084879,13084909,13084919,13084931,13084933,13084949,13084957,13084963,13084969,13084987,13084993,13084997,13085077,13085089,13085113,13085141,13085153,13085159,13085179,13085209,13085227,13085231,13085239,13085249,13085251,13085263,13085269,13085279,13085297,13085299,13085311,13085333,13085339,13085363,13085377,13085381,13085389,13085399,13085407,13085431,13085447,13085453,13085483,13085491,13085507,13085521,13085539,13085543,13085557,13085561,13085603,13085617,13085651,13085663,13085671,13085687,13085701,13085707,13085713,13085729,13085741,13085791,13085819,13085843,13085857,13085861,13085867,13085879,13085887,13085899,13085921,13085923,13085951,13085977,13085981,13085987,13086019,13086037,13086067,13086083,13086109,13086121,13086127,13086131,13086133,13086137,13086169,13086179,13086181,13086187,13086211,13086251,13086263,13086289,13086301,13086317,13086331,13086343,13086347,13086397,13086427,13086449,13086457,13086467,13086473,13086499,13086509,13086529,13086533,13086553,13086571,13086589,13086599,13086607,13086631,13086659,13086673,13086683,13086691,13086709,13086713,13086737,13086739,13086767,13086779,13086797,13086803,13086809,13086811,13086841,13086847,13086851,13086881,13086883,13086893,13086901,13086959,13086961,13086971,13086973,13087021,13087027,13087037,13087051,13087073,13087099,13087111,13087153,13087157,13087169,13087189,13087213,13087259,13087279,13087313,13087339,13087369,13087379,13087387,13087411,13087421,13087427,13087429,13087441,13087457,13087463,13087507,13087519,13087541,13087553,13087559,13087583,13087601,13087631,13087639,13087649,13087687,13087691,13087699,13087709,13087721,13087727,13087757,13087771,13087777,13087783,13087819,13087861,13087871,13087913,13087931,13087937,13087939,13087967,13087993,13088003,13088051,13088057,13088059,13088083,13088111,13088123,13088129,13088149,13088161,13088171,13088183,13088189,13088203,13088209,13088213,13088233,13088237,13088261,13088263,13088279,13088281,13088323,13088333,13088363,13088381,13088401,13088407,13088423,13088431,13088443,13088447,13088459,13088477,13088503,13088507,13088533,13088557,13088573,13088591,13088627,13088629,13088671,13088711,13088723,13088731,13088767,13088783,13088791,13088797,13088807,13088819,13088837,13088839,13088857,13088879,13088923,13088927,13088939,13088969,13088981,13088987,13088993,13089019,13089059,13089101,13089103,13089107,13089113,13089169,13089191,13089199,13089217,13089221,13089229,13089281,13089341,13089367,13089383,13089397,13089403,13089407,13089413,13089437,13089443,13089451,13089467,13089481,13089493,13089521,13089529,13089539,13089577,13089607,13089611,13089617,13089647,13089649,13089653,13089667,13089709,13089731,13089743,13089751,13089761,13089767,13089787,13089821,13089833,13089863,13089889,13089893,13089911,13089941,13089959,13089977,13089997,13090001,13090003,13090019,13090027,13090037,13090043,13090067,13090081,13090087,13090093,13090109,13090127,13090157,13090163,13090169,13090201,13090211,13090219,13090261,13090283,13090303,13090309,13090331,13090333,13090349,13090369,13090421,13090423,13090457,13090481,13090529,13090531,13090543,13090547,13090549,13090589,13090631,13090633,13090667,13090669,13090709,13090717,13090723,13090729,13090757,13090771,13090793,13090873,13090907,13090927,13090939,13090967,13091041,13091059,13091087,13091101,13091107,13091119,13091123,13091137,13091147,13091153,13091161,13091179,13091189,13091191,13091201,13091203,13091219,13091237,13091249,13091251,13091261,13091263,13091279,13091291,13091311,13091321,13091329,13091359,13091363,13091369,13091413,13091417,13091431,13091443,13091453,13091467,13091471,13091473,13091497,13091501,13091503,13091527,13091537,13091539,13091563,13091567,13091591,13091593,13091597,13091621,13091629,13091677,13091693,13091699,13091723,13091753,13091773,13091791,13091809,13091831,13091849,13091873,13091879,13091929,13091933,13091941,13091971,13091983,13091987,13092059,13092061,13092077,13092097,13092109,13092127,13092139,13092143,13092151,13092169,13092173,13092203,13092217,13092223,13092257,13092361,13092379,13092421,13092437,13092449,13092473,13092479,13092517,13092551,13092559,13092637,13092641,13092647,13092661,13092689,13092713,13092763,13092791,13092797,13092803,13092809,13092829,13092869,13092883,13092887,13092901,13092917,13092923,13092973,13092977,13092991,13093019,13093021,13093097,13093099,13093117,13093121,13093127,13093139,13093151,13093163,13093169,13093217,13093219,13093229,13093237,13093273,13093277,13093369,13093373,13093387,13093393,13093397,13093427,13093429,13093441,13093447,13093453,13093469,13093477,13093511,13093517,13093537,13093547,13093559,13093567,13093571,13093651,13093657,13093667,13093681,13093727,13093733,13093753,13093781,13093789,13093799,13093841,13093849,13093867,13093879,13093919,13093921,13093931,13094009,13094017,13094023,13094057,13094069,13094087,13094089,13094099,13094117,13094119,13094149,13094177,13094201,13094203,13094219,13094227,13094239,13094243,13094281,13094297,13094309,13094311,13094357,13094371,13094377,13094381,13094441,13094447,13094453,13094461,13094467,13094483,13094491,13094509,13094537,13094563,13094581,13094593,13094603,13094611,13094639,13094663,13094671,13094677,13094723,13094729,13094737,13094749,13094759,13094761,13094771,13094789,13094791,13094821,13094849,13094897,13094909,13094923,13094941,13094957,13094969,13095001,13095011,13095013,13095023,13095041,13095059,13095079,13095101,13095107,13095127,13095133,13095139,13095149,13095157,13095167,13095179,13095191,13095209,13095223,13095239,13095289,13095307,13095319,13095337,13095347,13095367,13095377,13095391,13095413,13095421,13095431,13095437,13095473,13095493,13095497,13095499,13095517,13095529,13095539,13095553,13095557,13095569,13095571,13095601,13095613,13095631,13095637,13095647,13095653,13095659,13095673,13095697,13095701,13095703,13095707,13095721,13095739,13095757,13095767,13095781,13095787,13095793,13095799,13095827,13095833,13095847,13095871,13095881,13095931,13095977,13096007,13096019,13096093,13096099,13096117,13096129,13096133,13096147,13096189,13096199,13096207,13096217,13096219,13096243,13096253,13096267,13096309,13096327,13096331,13096333,13096337,13096357,13096379,13096387,13096411,13096417,13096451,13096481,13096493,13096513,13096519,13096537,13096547,13096583,13096607,13096627,13096651,13096667,13096703,13096709,13096717,13096723,13096747,13096751,13096781,13096799,13096801,13096823,13096829,13096847,13096921,13096931,13096933,13096943,13096949,13096969,13096991,13097011,13097033,13097041,13097053,13097057,13097087,13097111,13097131,13097141,13097153,13097177,13097179,13097209,13097257,13097261,13097291,13097321,13097333,13097347,13097353,13097363,13097369,13097387,13097389,13097401,13097417,13097437,13097449,13097467,13097501,13097503,13097509,13097527,13097533,13097551,13097561,13097563,13097569,13097597,13097639,13097641,13097653,13097677,13097681,13097683,13097687,13097699,13097713,13097719,13097729,13097743,13097753,13097759,13097761,13097771,13097797,13097801,13097809,13097857,13097869,13097873,13097893,13097899,13097911,13097923,13097927,13097951,13097989,13097993,13097999,13098013,13098061,13098067,13098073,13098079,13098083,13098091,13098131,13098133,13098139,13098149,13098157,13098161,13098167,13098223,13098233,13098257,13098269,13098271,13098287,13098301,13098307,13098341,13098361,13098373,13098389,13098439,13098451,13098493,13098497,13098511,13098529,13098539,13098541,13098563,13098583,13098587,13098601,13098611,13098637,13098643,13098671,13098689,13098697,13098731,13098751,13098763,13098773,13098779,13098781,13098793,13098829,13098881,13098889,13098893,13098913,13098919,13098941,13098973,13098997,13099007,13099013,13099057,13099063,13099087,13099111,13099117,13099127,13099153,13099159,13099181,13099199,13099211,13099223,13099253,13099279,13099283,13099291,13099319,13099337,13099343,13099381,13099393,13099403,13099409,13099421,13099483,13099501,13099507,13099519,13099523,13099601,13099613,13099621,13099651,13099657,13099663,13099679,13099687,13099717,13099727,13099771,13099781,13099799,13099819,13099837,13099841,13099871,13099883,13099901,13099913,13099921,13099927,13099937,13099991,13100023,13100027,13100039,13100051,13100057,13100071,13100089,13100111,13100123,13100173,13100189,13100207,13100209,13100221,13100231,13100233,13100239,13100249,13100267,13100273,13100287,13100327,13100341,13100377,13100401,13100459,13100513,13100531,13100539,13100561,13100567,13100573,13100579,13100587,13100597,13100621,13100629,13100641,13100651,13100657,13100677,13100683,13100719,13100741,13100749,13100783,13100809,13100821,13100887,13100903,13100929,13100933,13100947,13100951,13100957,13100977,13100981,13101019,13101029,13101041,13101043,13101047,13101061,13101073,13101083,13101097,13101119,13101157,13101163,13101211,13101223,13101233,13101259,13101289,13101299,13101307,13101331,13101343,13101349,13101377,13101379,13101409,13101433,13101443,13101449,13101457,13101461,13101479,13101521,13101523,13101551,13101581,13101593,13101607,13101617,13101629,13101631,13101643,13101661,13101677,13101689,13101727,13101749,13101769,13101787,13101797,13101827,13101841,13101853,13101857,13101859,13101863,13101889,13101911,13101923,13101931,13101937,13101943,13101983,13102003,13102009,13102013,13102021,13102031,13102069,13102073,13102079,13102091,13102093,13102097,13102099,13102139,13102151,13102163,13102207,13102211,13102217,13102241,13102253,13102261,13102277,13102283,13102303,13102333,13102351,13102357,13102361,13102417,13102459,13102483,13102499,13102511,13102513,13102517,13102541,13102559,13102591,13102601,13102603,13102627,13102633,13102651,13102679,13102711,13102729,13102753,13102769,13102787,13102807,13102823,13102849,13102853,13102871,13102877,13102883,13102891,13102907,13102909,13102927,13102949,13102967,13102981,13102993,13103009,13103011,13103017,13103021,13103023,13103047,13103053,13103087,13103147,13103159,13103161,13103171,13103191,13103197,13103201,13103219,13103239,13103269,13103287,13103303,13103323,13103329,13103333,13103339,13103341,13103357,13103371,13103383,13103393,13103401,13103417,13103423,13103443,13103509,13103533,13103543,13103551,13103567,13103569,13103581,13103599,13103627,13103677,13103683,13103707,13103729,13103743,13103747,13103759,13103771,13103789,13103801,13103803,13103833,13103843,13103851,13103861,13103869,13103891,13103921,13103933,13103941,13103953,13103971,13103999,13104017,13104019,13104037,13104073,13104083,13104097,13104107,13104109,13104137,13104139,13104151,13104163,13104191,13104193,13104209,13104251,13104269,13104277,13104347,13104353,13104359,13104361,13104367,13104389,13104437,13104451,13104521,13104527,13104557,13104563,13104571,13104583,13104613,13104617,13104631,13104647,13104673,13104677,13104709,13104719,13104761,13104799,13104803,13104823,13104829,13104853,13104859,13104863,13104877,13104899,13104901,13104911,13104913,13104929,13104979,13104989,13105019,13105049,13105051,13105091,13105093,13105121,13105123,13105159,13105163,13105171,13105177,13105189,13105207,13105217,13105247,13105259,13105273,13105277,13105319,13105321,13105333,13105357,13105373,13105387,13105399,13105409,13105427,13105439,13105481,13105483,13105489,13105501,13105507,13105537,13105541,13105549,13105567,13105571,13105577,13105579,13105601,13105613,13105619,13105637,13105639,13105643,13105663,13105679,13105693,13105711,13105717,13105721,13105723,13105739,13105747,13105753,13105811,13105817,13105867,13105871,13105907,13105921,13105943,13105951,13105957,13105969,13105973,13105979,13105987,13106003,13106011,13106039,13106053,13106059,13106111,13106117,13106123,13106129,13106131,13106147,13106153,13106209,13106227,13106237,13106243,13106287,13106293,13106329,13106351,13106377,13106383,13106393,13106411,13106413,13106417,13106453,13106479,13106491,13106497,13106519,13106539,13106549,13106551,13106567,13106581,13106591,13106603,13106617,13106623,13106629,13106633,13106641,13106659,13106663,13106689,13106693,13106699,13106747,13106761,13106771,13106777,13106783,13106801,13106837,13106857,13106867,13106879,13106911,13106963,13106971,13107007,13107011,13107013,13107019,13107037,13107049,13107053,13107089,13107113,13107121,13107137,13107151,13107161,13107163,13107173,13107191,13107197,13107229,13107247,13107251,13107293,13107299,13107301,13107307,13107317,13107337,13107349,13107371,13107379,13107383,13107403,13107421,13107431,13107433,13107439,13107461,13107463,13107469,13107503,13107517,13107541,13107547,13107551,13107553,13107557,13107569,13107571,13107581,13107641,13107649,13107671,13107683,13107713,13107719,13107727,13107751,13107767,13107793,13107803,13107811,13107817,13107827,13107847,13107893,13107911,13107923,13107937,13107943,13107959,13108001,13108019,13108033,13108057,13108061,13108063,13108079,13108093,13108097,13108103,13108111,13108141,13108153,13108171,13108177,13108181,13108243,13108247,13108279,13108301,13108313,13108327,13108357,13108363,13108387,13108393,13108427,13108429,13108451,13108453,13108477,13108481,13108531,13108583,13108591,13108603,13108621,13108631,13108633,13108637,13108657,13108661,13108663,13108681,13108687,13108699,13108703,13108741,13108747,13108757,13108759,13108787,13108811,13108831,13108847,13108897,13108933,13108981,13108987,13109003,13109009,13109021,13109051,13109087,13109101,13109111,13109167,13109171,13109197,13109203,13109237,13109251,13109263,13109273,13109293,13109303,13109309,13109323,13109347,13109357,13109377,13109407,13109417,13109419,13109441,13109443,13109461,13109491,13109513,13109521,13109543,13109549,13109557,13109561,13109573,13109587,13109597,13109599,13109633,13109651,13109659,13109671,13109687,13109713,13109717,13109731,13109749,13109779,13109809,13109843,13109861,13109881,13109891,13109897,13109903,13109909,13109963,13109983,13110047,13110073,13110089,13110101,13110107,13110121,13110137,13110151,13110157,13110187,13110257,13110259,13110269,13110277,13110301,13110347,13110353,13110367,13110371,13110397,13110401,13110403,13110413,13110439,13110443,13110457,13110463,13110481,13110491,13110511,13110521,13110533,13110569,13110583,13110607,13110623,13110649,13110673,13110707,13110719,13110739,13110749,13110781,13110793,13110809,13110821,13110833,13110841,13110869,13110887,13110899,13110901,13110949,13110967,13110971,13110983,13110991,13110997,13111009,13111013,13111027,13111067,13111079,13111093,13111117,13111129,13111139,13111177,13111181,13111187,13111201,13111207,13111211,13111229,13111237,13111271,13111289,13111291,13111303,13111309,13111327,13111333,13111363,13111367,13111379,13111409,13111411,13111429,13111433,13111477,13111489,13111493,13111519,13111561,13111583,13111589,13111597,13111601,13111619,13111621,13111627,13111639,13111643,13111649,13111661,13111669,13111711,13111717,13111733,13111739,13111789,13111831,13111837,13111849,13111871,13111877,13111897,13111907,13111927,13111933,13111951,13111961,13112051,13112053,13112063,13112081,13112111,13112129,13112153,13112159,13112161,13112221,13112233,13112243,13112249,13112273,13112329,13112347,13112353,13112371,13112383,13112417,13112419,13112431,13112443,13112471,13112501,13112531,13112537,13112563,13112581,13112587,13112609,13112639,13112647,13112651,13112711,13112713,13112741,13112747,13112753,13112761,13112767,13112773,13112819,13112821,13112849,13112857,13112867,13112909,13112923,13112929,13112941,13112947,13112951,13112963,13112971,13113011,13113029,13113053,13113073,13113077,13113083,13113091,13113119,13113127,13113143,13113161,13113167,13113181,13113223,13113241,13113257,13113263,13113283,13113301,13113319,13113337,13113377,13113379,13113389,13113391,13113407,13113413,13113431,13113467,13113491,13113509,13113521,13113547,13113557,13113559,13113571,13113593,13113601,13113619,13113637,13113643,13113671,13113673,13113679,13113689,13113697,13113701,13113707,13113733,13113769,13113773,13113797,13113803,13113811,13113929,13113931,13113983,13114033,13114039,13114069,13114099,13114121,13114133,13114139,13114141,13114151,13114159,13114181,13114187,13114201,13114217,13114261,13114291,13114331,13114337,13114349,13114369,13114397,13114399,13114403,13114411,13114433,13114447,13114469,13114477,13114483,13114561,13114567,13114597,13114603,13114609,13114631,13114637,13114639,13114657,13114663,13114679,13114709,13114721,13114723,13114763,13114799,13114811,13114813,13114819,13114823,13114847,13114859,13114861,13114867,13114877,13114879,13114889,13114897,13114919,13114943,13114949,13114963,13114987,13114993,13115017,13115023,13115087,13115099,13115117,13115161,13115171,13115173,13115197,13115227,13115231,13115233,13115239,13115243,13115251,13115257,13115261,13115281,13115293,13115321,13115329,13115363,13115369,13115371,13115423,13115437,13115471,13115477,13115489,13115513,13115527,13115533,13115537,13115563,13115579,13115581,13115591,13115611,13115621,13115629,13115651,13115657,13115677,13115693,13115717,13115737,13115747,13115783,13115813,13115827,13115831,13115849,13115863,13115873,13115897,13115899,13115923,13115929,13115951,13115981,13116017,13116029,13116031,13116041,13116101,13116107,13116119,13116157,13116199,13116203,13116217,13116239,13116263,13116277,13116293,13116307,13116319,13116331,13116343,13116353,13116359,13116373,13116391,13116409,13116413,13116427,13116443,13116461,13116529,13116533,13116541,13116563,13116569,13116589,13116641,13116643,13116659,13116661,13116721,13116743,13116749,13116823,13116839,13116841,13116853,13116919,13116949,13116953,13116959,13116967,13116977,13116989,13116997,13117001,13117003,13117031,13117067,13117079,13117103,13117109,13117121,13117133,13117141,13117147,13117177,13117207,13117211,13117231,13117241,13117243,13117249,13117259,13117331,13117343,13117369,13117373,13117381,13117393,13117399,13117409,13117427,13117453,13117457,13117459,13117471,13117487,13117519,13117547,13117549,13117561,13117571,13117579,13117661,13117679,13117691,13117697,13117711,13117723,13117739,13117757,13117781,13117787,13117801,13117817,13117837,13117849,13117873,13117891,13117919,13117921,13117927,13117933,13117963,13117969,13118003,13118011,13118023,13118059,13118069,13118087,13118089,13118107,13118129,13118137,13118141,13118159,13118197,13118207,13118213,13118221,13118243,13118249,13118263,13118267,13118269,13118299,13118309,13118317,13118383,13118393,13118419,13118429,13118431,13118437,13118447,13118513,13118519,13118537,13118551,13118563,13118597,13118603,13118629,13118639,13118641,13118653,13118669,13118711,13118761,13118771,13118773,13118779,13118837,13118857,13118881,13118887,13118891,13118909,13118923,13118929,13118953,13118957,13118981,13119059,13119083,13119097,13119103,13119173,13119179,13119191,13119233,13119247,13119263,13119277,13119283,13119287,13119319,13119371,13119383,13119389,13119503,13119511,13119521,13119527,13119539,13119559,13119569,13119577,13119581,13119607,13119611,13119641,13119643,13119647,13119677,13119731,13119737,13119751,13119761,13119763,13119787,13119797,13119809,13119811,13119817,13119829,13119833,13119853,13119857,13119863,13119881,13119901,13119917,13119943,13119961,13119973,13119979,13119983,13120057,13120061,13120067,13120069,13120087,13120103,13120111,13120139,13120153,13120181,13120183,13120187,13120193,13120199,13120201,13120213,13120231,13120253,13120271,13120273,13120297,13120301,13120321,13120337,13120339,13120351,13120411,13120423,13120427,13120483,13120487,13120489,13120517,13120529,13120531,13120537,13120553,13120559,13120561,13120573,13120577,13120589,13120619,13120631,13120643,13120663,13120687,13120691,13120693,13120699,13120703,13120711,13120717,13120739,13120759,13120777,13120799,13120813,13120823,13120831,13120837,13120841,13120853,13120867,13120883,13120897,13120907,13120909,13120949,13120979,13120981,13120997,13120999,13121033,13121041,13121047,13121071,13121083,13121099,13121117,13121159,13121203,13121209,13121219,13121231,13121243,13121257,13121279,13121291,13121309,13121327,13121341,13121371,13121411,13121417,13121429,13121441,13121453,13121473,13121489,13121497,13121503,13121539,13121561,13121573,13121593,13121597,13121611,13121621,13121629,13121639,13121657,13121683,13121729,13121737,13121743,13121803,13121813,13121827,13121839,13121851,13121863,13121873,13121881,13121887,13121921,13121971,13121987,13121993,13122001,13122037,13122049,13122059,13122061,13122073,13122119,13122127,13122133,13122157,13122169,13122191,13122211,13122227,13122229,13122247,13122251,13122253,13122289,13122299,13122313,13122341,13122349,13122371,13122377,13122379,13122409,13122437,13122449,13122463,13122467,13122481,13122493,13122511,13122523,13122533,13122539,13122547,13122601,13122607,13122631,13122647,13122653,13122671,13122689,13122701,13122709,13122713,13122727,13122737,13122751,13122757,13122763,13122817,13122841,13122871,13122887,13122919,13122937,13122947,13122953,13122971,13122979,13122983,13123003,13123007,13123009,13123021,13123039,13123057,13123063,13123079,13123081,13123111,13123147,13123169,13123183,13123207,13123211,13123217,13123219,13123237,13123247,13123249,13123289,13123301,13123307,13123339,13123343,13123349,13123381,13123391,13123393,13123423,13123441,13123459,13123463,13123529,13123531,13123577,13123589,13123597,13123603,13123679,13123681,13123687,13123697,13123727,13123739,13123741,13123751,13123769,13123811,13123841,13123849,13123861,13123879,13123883,13123897,13123909,13123919,13123931,13123969,13123991,13123997,13124021,13124047,13124057,13124071,13124077,13124081,13124107,13124131,13124143,13124147,13124149,13124179,13124201,13124203,13124213,13124227,13124263,13124281,13124297,13124303,13124311,13124339,13124341,13124347,13124389,13124393,13124399,13124431,13124437,13124483,13124509,13124521,13124533,13124543,13124593,13124621,13124623,13124627,13124641,13124669,13124693,13124701,13124717,13124723,13124747,13124753,13124773,13124803,13124807,13124809,13124819,13124827,13124851,13124857,13124863,13124887,13124897,13124911,13124957,13124959,13124971,13124977,13124987,13125001,13125053,13125061,13125083,13125089,13125103,13125107,13125109,13125113,13125127,13125169,13125179,13125193,13125209,13125223,13125251,13125271,13125293,13125311,13125319,13125347,13125349,13125383,13125389,13125401,13125403,13125407,13125419,13125421,13125439,13125451,13125457,13125461,13125467,13125481,13125499,13125509,13125527,13125551,13125569,13125611,13125653,13125667,13125691,13125701,13125727,13125767,13125773,13125779,13125799,13125811,13125817,13125839,13125851,13125877,13125883,13125899,13125923,13125947,13125961,13125971,13125991,13125997,13126007,13126021,13126039,13126049,13126063,13126079,13126097,13126121,13126147,13126177,13126181,13126189,13126213,13126219,13126259,13126271,13126277,13126291,13126297,13126303,13126319,13126327,13126387,13126391,13126417,13126429,13126447,13126469,13126483,13126493,13126501,13126507,13126517,13126541,13126571,13126591,13126627,13126639,13126643,13126657,13126679,13126681,13126691,13126697,13126709,13126717,13126723,13126741,13126769,13126793,13126801,13126807,13126811,13126831,13126837,13126843,13126849,13126889,13126901,13126909,13126921,13126957,13126961,13126963,13126991,13127027,13127047,13127057,13127063,13127069,13127099,13127113,13127123,13127131,13127141,13127143,13127159,13127173,13127207,13127209,13127221,13127237,13127249,13127251,13127263,13127269,13127293,13127311,13127321,13127329,13127333,13127381,13127393,13127407,13127431,13127437,13127449,13127473,13127479,13127497,13127501,13127507,13127557,13127567,13127579,13127581,13127603,13127669,13127671,13127683,13127693,13127701,13127731,13127743,13127747,13127761,13127773,13127783,13127801,13127827,13127839,13127843,13127887,13127929,13127951,13127969,13127977,13127999,13128013,13128061,13128079,13128103,13128139,13128161,13128163,13128169,13128187,13128251,13128253,13128257,13128289,13128293,13128319,13128337,13128343,13128347,13128413,13128419,13128431,13128433,13128443,13128461,13128499,13128517,13128529,13128541,13128551,13128559,13128571,13128581,13128587,13128613,13128617,13128623,13128649,13128667,13128701,13128707,13128719,13128721,13128727,13128737,13128749,13128751,13128757,13128761,13128769,13128781,13128809,13128827,13128833,13128859,13128877,13128901,13128917,13128923,13128949,13128971,13128991,13129063,13129069,13129073,13129087,13129099,13129111,13129201,13129229,13129231,13129243,13129267,13129271,13129273,13129283,13129289,13129301,13129313,13129331,13129349,13129351,13129367,13129379,13129381,13129393,13129397,13129409,13129421,13129427,13129463,13129477,13129483,13129499,13129507,13129517,13129537,13129549,13129607,13129639,13129643,13129657,13129673,13129681,13129693,13129747,13129751,13129769,13129793,13129807,13129841,13129861,13129867,13129877,13129889,13129891,13129901,13129927,13129937,13129939,13129951,13129979,13130003,13130009,13130027,13130053,13130059,13130063,13130071,13130087,13130113,13130119,13130123,13130129,13130141,13130147,13130177,13130231,13130233,13130251,13130297,13130317,13130321,13130339,13130363,13130371,13130393,13130399,13130407,13130419,13130441,13130461,13130473,13130483,13130489,13130503,13130519,13130521,13130549,13130561,13130573,13130581,13130587,13130629,13130633,13130651,13130659,13130687,13130693,13130699,13130717,13130743,13130759,13130773,13130779,13130807,13130837,13130839,13130857,13130891,13130927,13130969,13130977,13130989,13131017,13131023,13131031,13131037,13131061,13131067,13131103,13131127,13131133,13131169,13131179,13131187,13131199,13131203,13131233,13131241,13131257,13131271,13131281,13131317,13131319,13131329,13131331,13131341,13131343,13131359,13131373,13131401,13131407,13131421,13131449,13131467,13131479,13131499,13131509,13131511,13131523,13131529,13131541,13131553,13131563,13131581,13131583,13131589,13131593,13131607,13131623,13131649,13131661,13131719,13131733,13131737,13131743,13131749,13131761,13131787,13131791,13131851,13131883,13131901,13131917,13131959,13131961,13132001,13132033,13132051,13132073,13132079,13132081,13132111,13132117,13132123,13132153,13132193,13132219,13132237,13132261,13132267,13132277,13132283,13132291,13132297,13132307,13132309,13132321,13132337,13132351,13132369,13132387,13132391,13132403,13132417,13132487,13132489,13132513,13132519,13132547,13132583,13132589,13132643,13132649,13132661,13132697,13132699,13132703,13132741,13132753,13132771,13132783,13132831,13132837,13132843,13132877,13132879,13132883,13132897,13132901,13132907,13132913,13132939,13132961,13132967,13132979,13132981,13132991,13133011,13133033,13133059,13133063,13133093,13133111,13133147,13133149,13133177,13133203,13133209,13133213,13133233,13133249,13133269,13133279,13133291,13133303,13133311,13133321,13133363,13133371,13133377,13133383,13133411,13133423,13133467,13133479,13133507,13133531,13133567,13133573,13133581,13133591,13133597,13133599,13133609,13133611,13133623,13133647,13133663,13133669,13133683,13133689,13133711,13133719,13133773,13133803,13133867,13133873,13133881,13133893,13133933,13133947,13133969,13134007,13134019,13134029,13134041,13134059,13134067,13134083,13134097,13134101,13134113,13134137,13134139,13134157,13134161,13134181,13134193,13134203,13134271,13134281,13134283,13134287,13134299,13134367,13134389,13134397,13134409,13134413,13134427,13134431,13134439,13134481,13134487,13134493,13134533,13134547,13134551,13134553,13134577,13134599,13134629,13134631,13134661,13134683,13134689,13134697,13134701,13134739,13134743,13134749,13134763,13134769,13134799,13134809,13134811,13134853,13134857,13134859,13134893,13134899,13134907,13134911,13134943,13134959,13134967,13134971,13134973,13134983,13135019,13135027,13135049,13135079,13135097,13135117,13135127,13135141,13135153,13135163,13135181,13135189,13135193,13135207,13135217,13135247,13135279,13135301,13135303,13135307,13135321,13135379,13135391,13135399,13135433,13135439,13135469,13135477,13135519,13135523,13135541,13135601,13135613,13135649,13135651,13135657,13135673,13135687,13135711,13135721,13135729,13135739,13135789,13135807,13135813,13135823,13135861,13135873,13135877,13135879,13135919,13135931,13135933,13135957,13135963,13135979,13135981,13136003,13136009,13136017,13136023,13136029,13136047,13136051,13136099,13136111,13136117,13136119,13136143,13136153,13136177,13136203,13136231,13136251,13136267,13136293,13136303,13136309,13136317,13136323,13136339,13136341,13136351,13136377,13136399,13136413,13136447,13136471,13136483,13136509,13136531,13136537,13136561,13136567,13136603,13136639,13136647,13136677,13136689,13136693,13136701,13136713,13136737,13136741,13136759,13136779,13136791,13136803,13136819,13136833,13136843,13136857,13136863,13136867,13136873,13136897,13136909,13136911,13136927,13136939,13136947,13136957,13137011,13137013,13137077,13137079,13137119,13137121,13137167,13137169,13137193,13137197,13137199,13137217,13137221,13137233,13137247,13137253,13137263,13137281,13137287,13137329,13137337,13137349,13137359,13137367,13137401,13137409,13137419,13137437,13137457,13137461,13137473,13137491,13137497,13137529,13137541,13137563,13137571,13137611,13137629,13137643,13137659,13137673,13137689,13137727,13137743,13137749,13137757,13137763,13137791,13137823,13137847,13137851,13137869,13137871,13137877,13137881,13137907,13137931,13137941,13137947,13137961,13137973,13137989,13138001,13138007,13138019,13138031,13138043,13138067,13138087,13138109,13138123,13138133,13138159,13138183,13138187,13138193,13138199,13138201,13138211,13138217,13138243,13138249,13138259,13138261,13138303,13138309,13138339,13138343,13138357,13138369,13138379,13138381,13138403,13138439,13138453,13138457,13138471,13138487,13138493,13138511,13138523,13138529,13138561,13138571,13138579,13138591,13138639,13138673,13138687,13138703,13138721,13138757,13138771,13138781,13138789,13138813,13138837,13138877,13138883,13138889,13138891,13138919,13138933,13138949,13138997,13139017,13139023,13139029,13139057,13139069,13139083,13139111,13139129,13139143,13139171,13139213,13139219,13139221,13139237,13139251,13139261,13139263,13139297,13139299,13139341,13139369,13139377,13139387,13139411,13139429,13139447,13139459,13139471,13139519,13139537,13139543,13139549,13139573,13139587,13139591,13139597,13139611,13139617,13139627,13139641,13139653,13139677,13139683,13139689,13139723,13139741,13139767,13139783,13139821,13139851,13139873,13139879,13139881,13139891,13139909,13139941,13139947,13139989,13139993,13140007,13140011,13140013,13140047,13140079,13140089,13140109,13140137,13140151,13140157,13140163,13140173,13140181,13140209,13140221,13140271,13140289,13140293,13140313,13140317,13140329,13140331,13140341,13140353,13140359,13140367,13140389,13140409,13140427,13140433,13140461,13140469,13140487,13140503,13140527,13140529,13140551,13140553,13140557,13140577,13140593,13140599,13140607,13140649,13140689,13140697,13140719,13140727,13140731,13140749,13140769,13140773,13140821,13140833,13140839,13140851,13140859,13140887,13140899,13140923,13140947,13140977,13140997,13141001,13141013,13141019,13141021,13141039,13141043,13141069,13141081,13141091,13141123,13141127,13141133,13141151,13141159,13141189,13141201,13141207,13141231,13141259,13141267,13141283,13141309,13141351,13141399,13141409,13141411,13141439,13141481,13141501,13141507,13141511,13141517,13141537,13141543,13141547,13141567,13141573,13141577,13141589,13141591,13141619,13141631,13141691,13141699,13141741,13141753,13141757,13141759,13141783,13141801,13141819,13141823,13141831,13141859,13141883,13141907,13141937,13141943,13141951,13141963,13141981,13141987,13141991,13142009,13142011,13142027,13142057,13142069,13142083,13142111,13142119,13142123,13142147,13142149,13142161,13142179,13142183,13142189,13142197,13142231,13142279,13142299,13142321,13142333,13142347,13142351,13142369,13142401,13142413,13142417,13142431,13142443,13142447,13142449,13142473,13142537,13142551,13142561,13142567,13142573,13142579,13142593,13142599,13142603,13142617,13142621,13142639,13142641,13142693,13142711,13142743,13142747,13142749,13142761,13142777,13142783,13142797,13142839,13142861,13142869,13142873,13142891,13142911,13142923,13142929,13142933,13142957,13142963,13142971,13142981,13143037,13143043,13143059,13143077,13143089,13143149,13143167,13143173,13143187,13143197,13143203,13143211,13143217,13143223,13143233,13143239,13143241,13143257,13143259,13143271,13143289,13143301,13143313,13143343,13143359,13143379,13143391,13143407,13143443,13143461,13143469,13143491,13143539,13143551,13143553,13143587,13143617,13143619,13143661,13143667,13143673,13143707,13143709,13143719,13143743,13143749,13143761,13143799,13143811,13143817,13143827,13143847,13143881,13143901,13143937,13143943,13143959,13143967,13143997,13144007,13144049,13144051,13144057,13144073,13144091,13144123,13144141,13144169,13144171,13144193,13144199,13144211,13144249,13144259,13144267,13144277,13144291,13144297,13144319,13144331,13144343,13144393,13144423,13144459,13144487,13144489,13144513,13144531,13144543,13144577,13144591,13144597,13144601,13144603,13144633,13144639,13144673,13144679,13144693,13144697,13144709,13144711,13144717,13144721,13144741,13144771,13144777,13144783,13144823,13144841,13144853,13144861,13144867,13144877,13144897,13144919,13144939,13144949,13144993,13145009,13145021,13145053,13145081,13145087,13145107,13145117,13145123,13145159,13145179,13145189,13145201,13145203,13145243,13145257,13145263,13145269,13145273,13145299,13145311,13145339,13145347,13145357,13145387,13145393,13145399,13145411,13145413,13145417,13145449,13145479,13145491,13145507,13145513,13145527,13145533,13145557,13145597,13145603,13145609,13145611,13145617,13145651,13145681,13145723,13145753,13145773,13145801,13145819,13145833,13145843,13145887,13145893,13145911,13145921,13145941,13145963,13145969,13145971,13145987,13145999,13146011,13146053,13146061,13146103,13146131,13146167,13146169,13146181,13146187,13146191,13146197,13146209,13146239,13146241,13146247,13146257,13146277,13146283,13146319,13146349,13146361,13146377,13146379,13146421,13146437,13146451,13146479,13146493,13146503,13146509,13146563,13146571,13146577,13146583,13146607,13146631,13146647,13146649,13146671,13146677,13146737,13146739,13146743,13146761,13146799,13146811,13146827,13146839,13146853,13146893,13146923,13146929,13146953,13146977,13146979,13146997,13147003,13147009,13147051,13147061,13147087,13147093,13147109,13147133,13147157,13147177,13147181,13147213,13147217,13147219,13147223,13147243,13147249,13147261,13147301,13147319,13147327,13147367,13147369,13147397,13147399,13147427,13147447,13147493,13147523,13147529,13147531,13147571,13147573,13147591,13147609,13147661,13147669,13147679,13147711,13147741,13147747,13147769,13147777,13147793,13147807,13147819,13147831,13147837,13147843,13147853,13147859,13147861,13147949,13147997,13148011,13148029,13148033,13148039,13148041,13148063,13148117,13148119,13148131,13148141,13148189,13148221,13148231,13148257,13148263,13148269,13148287,13148321,13148329,13148351,13148363,13148381,13148407,13148441,13148449,13148453,13148459,13148461,13148491,13148507,13148533,13148537,13148539,13148543,13148581,13148587,13148609,13148651,13148689,13148693,13148699,13148711,13148731,13148747,13148761,13148783,13148789,13148791,13148797,13148809,13148813,13148819,13148827,13148831,13148857,13148869,13148879,13148881,13148899,13148903,13148953,13148957,13148959,13148963,13148999,13149001,13149043,13149067,13149091,13149113,13149119,13149133,13149139,13149163,13149167,13149179,13149181,13149187,13149193,13149203,13149229,13149263,13149277,13149293,13149317,13149361,13149377,13149401,13149407,13149421,13149427,13149431,13149457,13149473,13149497,13149509,13149523,13149571,13149581,13149589,13149593,13149599,13149601,13149623,13149659,13149677,13149679,13149713,13149751,13149757,13149781,13149793,13149803,13149809,13149827,13149833,13149841,13149887,13149893,13149901,13149931,13149937,13149973,13150003,13150009,13150031,13150037,13150057,13150073,13150091,13150117,13150139,13150171,13150183,13150211,13150237,13150243,13150279,13150327,13150339,13150343,13150349,13150391,13150399,13150471,13150483,13150499,13150507,13150513,13150531,13150567,13150573,13150583,13150607,13150609,13150619,13150633,13150637,13150649,13150661,13150663,13150667,13150681,13150699,13150747,13150757,13150759,13150763,13150801,13150811,13150829,13150847,13150849,13150853,13150859,13150883,13150901,13150903,13150909,13150927,13150931,13150933,13150957,13150967,13150981,13150987,13150993,13150999,13151027,13151029,13151057,13151063,13151107,13151111,13151113,13151167,13151189,13151191,13151197,13151227,13151233,13151269,13151273,13151291,13151339,13151351,13151371,13151381,13151389,13151393,13151407,13151429,13151431,13151443,13151449,13151459,13151503,13151519,13151527,13151531,13151563,13151581,13151617,13151627,13151639,13151651,13151669,13151689,13151707,13151713,13151729,13151741,13151759,13151767,13151771,13151773,13151813,13151821,13151833,13151839,13151849,13151861,13151911,13151921,13151923,13151927,13151951,13151977,13151989,13152011,13152019,13152031,13152037,13152053,13152059,13152071,13152077,13152089,13152127,13152193,13152229,13152239,13152241,13152257,13152259,13152287,13152289,13152299,13152323,13152329,13152397,13152413,13152421,13152493,13152497,13152511,13152563,13152571,13152599,13152613,13152641,13152653,13152661,13152673,13152697,13152707,13152719,13152721,13152739,13152743,13152751,13152779,13152787,13152817,13152847,13152859,13152869,13152889,13152899,13152901,13152907,13152911,13152949,13152961,13152967,13152973,13152977,13153001,13153027,13153039,13153051,13153081,13153097,13153109,13153159,13153177,13153181,13153183,13153229,13153237,13153243,13153249,13153253,13153267,13153271,13153277,13153289,13153307,13153319,13153321,13153337,13153391,13153397,13153417,13153423,13153429,13153471,13153477,13153489,13153499,13153513,13153541,13153583,13153601,13153627,13153633,13153639,13153663,13153669,13153697,13153727,13153739,13153741,13153747,13153753,13153799,13153807,13153817,13153837,13153853,13153859,13153883,13153901,13153913,13153919,13153927,13153939,13153949,13153963,13153967,13153993,13153997,13154033,13154041,13154047,13154117,13154131,13154143,13154147,13154149,13154161,13154171,13154189,13154191,13154201,13154231,13154237,13154249,13154257,13154269,13154287,13154303,13154347,13154359,13154419,13154437,13154483,13154513,13154521,13154539,13154569,13154621,13154629,13154657,13154671,13154683,13154717,13154723,13154731,13154737,13154741,13154761,13154767,13154773,13154789,13154831,13154839,13154863,13154887,13154903,13154927,13154929,13154963,13155013,13155031,13155047,13155071,13155083,13155133,13155139,13155143,13155157,13155167,13155173,13155193,13155209,13155221,13155223,13155281,13155323,13155341,13155349,13155361,13155371,13155397,13155421,13155427,13155437,13155449,13155487,13155491,13155503,13155529,13155533,13155539,13155551,13155559,13155587,13155599,13155601,13155613,13155631,13155641,13155673,13155677,13155679,13155689,13155707,13155743,13155767,13155781,13155827,13155851,13155853,13155859,13155869,13155887,13155899,13155907,13155913,13155917,13155929,13155941,13155953,13155959,13156001,13156007,13156009,13156019,13156021,13156027,13156043,13156063,13156097,13156103,13156109,13156153,13156163,13156259,13156261,13156267,13156289,13156327,13156333,13156337,13156357,13156397,13156421,13156439,13156447,13156457,13156463,13156471,13156501,13156537,13156547,13156553,13156597,13156609,13156631,13156639,13156643,13156651,13156673,13156681,13156687,13156697,13156699,13156729,13156733,13156763,13156783,13156799,13156831,13156837,13156877,13156889,13156901,13156903,13156909,13156921,13156933,13156937,13156961,13156973,13156993,13156999,13157017,13157021,13157033,13157087,13157093,13157107,13157119,13157129,13157149,13157153,13157159,13157171,13157191,13157231,13157239,13157251,13157267,13157293,13157341,13157359,13157377,13157383,13157399,13157437,13157453,13157467,13157471,13157479,13157483,13157489,13157497,13157537,13157539,13157563,13157567,13157611,13157647,13157659,13157663,13157689,13157701,13157723,13157731,13157737,13157773,13157783,13157789,13157797,13157801,13157803,13157819,13157821,13157831,13157839,13157867,13157869,13157887,13157923,13157927,13157951,13157959,13157971,13157987,13157993,13158023,13158029,13158049,13158053,13158091,13158107,13158113,13158133,13158137,13158149,13158169,13158193,13158227,13158247,13158251,13158259,13158263,13158269,13158281,13158283,13158287,13158307,13158349,13158361,13158377,13158389,13158403,13158413,13158433,13158443,13158479,13158487,13158491,13158503,13158517,13158521,13158529,13158533,13158577,13158617,13158647,13158661,13158667,13158671,13158701,13158707,13158709,13158749,13158751,13158763,13158767,13158797,13158809,13158823,13158853,13158857,13158863,13158869,13158883,13158889,13158913,13158961,13158979,13159019,13159031,13159033,13159043,13159049,13159051,13159057,13159063,13159093,13159121,13159147,13159187,13159193,13159219,13159249,13159253,13159277,13159297,13159331,13159337,13159339,13159351,13159369,13159379,13159409,13159429,13159441,13159477,13159493,13159501,13159507,13159561,13159603,13159633,13159651,13159667,13159673,13159687,13159691,13159693,13159697,13159747,13159759,13159777,13159781,13159789,13159793,13159831,13159879,13159889,13159919,13159931,13159961,13159969,13159981,13159987,13159999,13160029,13160033,13160053,13160099,13160111,13160137,13160143,13160149,13160177,13160233,13160291,13160297,13160299,13160311,13160317,13160321,13160339,13160351,13160353,13160383,13160417,13160429,13160447,13160479,13160491,13160501,13160507,13160509,13160557,13160561,13160569,13160579,13160591,13160633,13160657,13160671,13160677,13160687,13160699,13160701,13160731,13160821,13160827,13160831,13160837,13160887,13160897,13160911,13160921,13160923,13160929,13160963,13160969,13160971,13160989,13160993,13161017,13161023,13161047,13161059,13161067,13161073,13161079,13161121,13161131,13161133,13161149,13161151,13161173,13161191,13161193,13161229,13161277,13161283,13161293,13161301,13161347,13161371,13161377,13161403,13161419,13161427,13161431,13161487,13161503,13161517,13161527,13161583,13161593,13161601,13161703,13161769,13161793,13161809,13161817,13161823,13161829,13161839,13161847,13161857,13161881,13161917,13161919,13161923,13161931,13161971,13161977,13161983,13161991,13162043,13162067,13162069,13162081,13162091,13162103,13162109,13162147,13162151,13162169,13162181,13162211,13162241,13162243,13162249,13162273,13162277,13162283,13162313,13162319,13162333,13162337,13162339,13162349,13162363,13162379,13162381,13162393,13162399,13162451,13162489,13162529,13162531,13162543,13162547,13162553,13162559,13162571,13162577,13162621,13162657,13162673,13162711,13162717,13162729,13162757,13162759,13162771,13162783,13162871,13162873,13162889,13162907,13162909,13162931,13162939,13162957,13162967,13162979,13162987,13162993,13163041,13163047,13163057,13163063,13163069,13163089,13163099,13163113,13163119,13163131,13163159,13163177,13163197,13163201,13163221,13163237,13163261,13163279,13163281,13163309,13163323,13163347,13163357,13163363,13163369,13163377,13163393,13163411,13163489,13163497,13163537,13163573,13163597,13163621,13163639,13163641,13163653,13163669,13163671,13163681,13163687,13163699,13163707,13163741,13163783,13163791,13163803,13163833,13163837,13163851,13163863,13163869,13163873,13163879,13163963,13163989,13164023,13164031,13164061,13164077,13164083,13164091,13164101,13164127,13164133,13164187,13164191,13164233,13164251,13164253,13164259,13164269,13164271,13164301,13164329,13164343,13164353,13164373,13164379,13164383,13164391,13164401,13164413,13164419,13164451,13164497,13164517,13164527,13164577,13164581,13164589,13164623,13164659,13164667,13164691,13164703,13164707,13164719,13164721,13164727,13164737,13164757,13164761,13164769,13164773,13164779,13164787,13164793,13164803,13164821,13164881,13164883,13164887,13164973,13164989,13164997,13165001,13165003,13165027,13165051,13165063,13165067,13165079,13165099,13165121,13165153,13165189,13165213,13165241,13165247,13165261,13165277,13165279,13165307,13165337,13165351,13165367,13165379,13165381,13165393,13165403,13165417,13165441,13165457,13165487,13165489,13165501,13165513,13165541,13165561,13165573,13165583,13165597,13165627,13165639,13165657,13165661,13165679,13165721,13165751,13165753,13165771,13165777,13165799,13165807,13165843,13165849,13165861,13165883,13165891,13165921,13165927,13165931,13165937,13165951,13165967,13165981,13165991,13166003,13166011,13166047,13166053,13166059,13166089,13166093,13166123,13166129,13166137,13166147,13166149,13166171,13166173,13166201,13166233,13166239,13166249,13166269,13166333,13166341,13166357,13166359,13166369,13166383,13166389,13166399,13166429,13166431,13166443,13166467,13166477,13166479,13166507,13166519,13166521,13166567,13166579,13166581,13166591,13166623,13166633,13166669,13166701,13166719,13166731,13166759,13166761,13166771,13166779,13166801,13166809,13166819,13166821,13166827,13166861,13166887,13166893,13166897,13166903,13166917,13166939,13166947,13166953,13166963,13166983,13166999,13167001,13167013,13167059,13167101,13167107,13167137,13167149,13167151,13167169,13167173,13167199,13167221,13167223,13167239,13167241,13167251,13167317,13167347,13167353,13167359,13167377,13167389,13167403,13167409,13167439,13167457,13167463,13167509,13167547,13167563,13167613,13167647,13167659,13167709,13167719,13167733,13167743,13167757,13167767,13167773,13167787,13167793,13167841,13167851,13167857,13167859,13167871,13167883,13167899,13167907,13167919,13167949,13167953,13167961,13167971,13167977,13167991,13168021,13168027,13168031,13168069,13168073,13168079,13168091,13168109,13168123,13168139,13168193,13168201,13168231,13168237,13168261,13168271,13168297,13168301,13168333,13168361,13168369,13168409,13168417,13168453,13168457,13168469,13168483,13168487,13168499,13168541,13168549,13168553,13168567,13168579,13168613,13168637,13168643,13168651,13168657,13168663,13168669,13168709,13168711,13168723,13168739,13168759,13168763,13168777,13168801,13168807,13168847,13168853,13168891,13168901,13168921,13168943,13169021,13169027,13169047,13169059,13169081,13169083,13169089,13169099,13169129,13169153,13169171,13169173,13169201,13169207,13169227,13169231,13169243,13169249,13169263,13169267,13169269,13169287,13169333,13169341,13169383,13169417,13169423,13169437,13169459,13169479,13169483,13169503,13169531,13169539,13169549,13169551,13169579,13169581,13169591,13169609,13169657,13169671,13169677,13169749,13169759,13169771,13169791,13169797,13169809,13169813,13169837,13169843,13169851,13169873,13169887,13169899,13169903,13169939,13169957,13169963,13169977,13169999,13170029,13170109,13170137,13170139,13170151,13170161,13170163,13170167,13170181,13170203,13170217,13170229,13170247,13170253,13170271,13170277,13170337,13170343,13170349,13170403,13170407,13170413,13170419,13170431,13170457,13170473,13170491,13170499,13170503,13170527,13170541,13170551,13170581,13170583,13170589,13170593,13170613,13170623,13170637,13170653,13170671,13170679,13170721,13170739,13170761,13170803,13170811,13170823,13170851,13170907,13170917,13170931,13170947,13170991,13171007,13171013,13171031,13171069,13171087,13171097,13171121,13171129,13171159,13171163,13171183,13171241,13171247,13171259,13171261,13171267,13171271,13171273,13171289,13171321,13171343,13171349,13171363,13171369,13171391,13171399,13171429,13171439,13171441,13171453,13171471,13171513,13171517,13171523,13171567,13171577,13171589,13171601,13171603,13171607,13171637,13171661,13171673,13171681,13171687,13171699,13171721,13171729,13171751,13171757,13171777,13171799,13171811,13171813,13171817,13171819,13171841,13171843,13171853,13171861,13171877,13171903,13171937,13171943,13171973,13171987,13172023,13172051,13172053,13172083,13172087,13172099,13172101,13172113,13172141,13172167,13172171,13172197,13172207,13172209,13172213,13172219,13172221,13172227,13172231,13172239,13172251,13172287,13172311,13172321,13172329,13172359,13172363,13172371,13172429,13172441,13172473,13172477,13172479,13172483,13172527,13172531,13172543,13172563,13172573,13172581,13172587,13172597,13172611,13172617,13172633,13172639,13172651,13172657,13172683,13172689,13172713,13172717,13172729,13172791,13172827,13172839,13172869,13172893,13172897,13172911,13172927,13172953,13172959,13172981,13172983,13173001,13173029,13173031,13173053,13173077,13173131,13173143,13173197,13173217,13173247,13173257,13173263,13173271,13173299,13173313,13173331,13173373,13173379,13173383,13173389,13173397,13173409,13173421,13173439,13173449,13173451,13173463,13173467,13173493,13173527,13173529,13173539,13173547,13173551,13173571,13173577,13173599,13173617,13173619,13173647,13173673,13173679,13173689,13173701,13173709,13173749,13173763,13173767,13173773,13173817,13173829,13173841,13173877,13173883,13173889,13173899,13173907,13173911,13173931,13173943,13173949,13173991,13174001,13174013,13174037,13174043,13174081,13174093,13174097,13174103,13174111,13174151,13174181,13174219,13174229,13174247,13174253,13174261,13174267,13174279,13174283,13174289,13174307,13174309,13174319,13174321,13174327,13174363,13174367,13174379,13174417,13174433,13174453,13174457,13174477,13174481,13174487,13174493,13174501,13174517,13174531,13174573,13174583,13174621,13174631,13174639,13174669,13174697,13174703,13174709,13174717,13174723,13174741,13174753,13174757,13174781,13174789,13174823,13174859,13174867,13174873,13174897,13174913,13174927,13174943,13174957,13174991,13175023,13175047,13175053,13175059,13175069,13175083,13175089,13175101,13175137,13175143,13175179,13175191,13175233,13175237,13175249,13175269,13175273,13175291,13175299,13175311,13175317,13175333,13175339,13175359,13175363,13175377,13175381,13175401,13175411,13175431,13175443,13175447,13175489,13175521,13175543,13175549,13175563,13175567,13175579,13175609,13175621,13175633,13175681,13175693,13175717,13175741,13175777,13175791,13175861,13175879,13175881,13175887,13175891,13175893,13175909,13175923,13175927,13175963,13175971,13175983,13175993,13176013,13176041,13176049,13176073,13176077,13176113,13176127,13176131,13176151,13176169,13176187,13176239,13176259,13176269,13176299,13176313,13176323,13176337,13176341,13176347,13176379,13176391,13176407,13176409,13176419,13176433,13176437,13176439,13176463,13176473,13176487,13176491,13176509,13176511,13176521,13176571,13176587,13176589,13176593,13176599,13176601,13176607,13176617,13176629,13176637,13176641,13176659,13176661,13176673,13176707,13176721,13176733,13176743,13176749,13176781,13176841,13176857,13176869,13176871,13176881,13176929,13176931,13176941,13176959,13176973,13176979,13176983,13177007,13177027,13177033,13177039,13177063,13177067,13177079,13177081,13177097,13177169,13177187,13177207,13177243,13177247,13177253,13177259,13177271,13177273,13177289,13177313,13177319,13177379,13177399,13177433,13177457,13177477,13177487,13177517,13177519,13177553,13177559,13177561,13177579,13177589,13177603,13177609,13177631,13177649,13177657,13177673,13177679,13177691,13177699,13177727,13177729,13177757,13177763,13177783,13177789,13177793,13177807,13177817,13177819,13177837,13177841,13177859,13177877,13177897,13177937,13177943,13177951,13177961,13177999,13178017,13178021,13178027,13178051,13178101,13178107,13178119,13178147,13178197,13178201,13178279,13178293,13178303,13178309,13178351,13178359,13178371,13178393,13178411,13178413,13178443,13178447,13178449,13178479,13178483,13178521,13178527,13178569,13178593,13178639,13178651,13178677,13178717,13178719,13178741,13178749,13178773,13178777,13178797,13178801,13178819,13178831,13178843,13178857,13178861,13178881,13178897,13178903,13178911,13178923,13178929,13178933,13178947,13178969,13178981,13178983,13178987,13179011,13179013,13179041,13179043,13179053,13179073,13179107,13179109,13179121,13179149,13179151,13179157,13179167,13179169,13179197,13179211,13179241,13179259,13179269,13179307,13179323,13179367,13179373,13179377,13179401,13179449,13179451,13179461,13179469,13179527,13179533,13179541,13179547,13179577,13179581,13179583,13179587,13179589,13179611,13179613,13179623,13179631,13179643,13179671,13179689,13179707,13179739,13179757,13179763,13179767,13179769,13179773,13179781,13179799,13179809,13179827,13179839,13179853,13179857,13179883,13179893,13179919,13179923,13179941,13179997,13180001,13180021,13180031,13180033,13180043,13180051,13180061,13180067,13180121,13180157,13180169,13180183,13180201,13180213,13180217,13180241,13180249,13180267,13180273,13180283,13180289,13180309,13180313,13180333,13180339,13180361,13180381,13180421,13180429,13180459,13180463,13180477,13180481,13180493,13180499,13180501,13180523,13180571,13180589,13180603,13180613,13180619,13180631,13180637,13180681,13180691,13180693,13180711,13180753,13180757,13180781,13180787,13180789,13180793,13180799,13180823,13180829,13180837,13180841,13180847,13180873,13180891,13180897,13180901,13180931,13180939,13180957,13180961,13180997,13181027,13181029,13181053,13181057,13181083,13181123,13181149,13181159,13181173,13181227,13181257,13181279,13181299,13181303,13181309,13181317,13181347,13181353,13181359,13181393,13181401,13181407,13181419,13181423,13181453,13181473,13181491,13181501,13181503,13181527,13181533,13181549,13181557,13181569,13181587,13181617,13181627,13181633,13181639,13181653,13181669,13181677,13181699,13181713,13181723,13181741,13181759,13181771,13181809,13181827,13181843,13181873,13181887,13181891,13181897,13181911,13181933,13181939,13181941,13181963,13181983,13182007,13182011,13182017,13182031,13182041,13182047,13182053,13182061,13182077,13182109,13182139,13182163,13182227,13182229,13182233,13182251,13182271,13182287,13182329,13182331,13182353,13182359,13182373,13182383,13182391,13182431,13182439,13182461,13182487,13182503,13182511,13182517,13182529,13182539,13182557,13182563,13182577,13182581,13182593,13182613,13182623,13182643,13182671,13182739,13182817,13182833,13182847,13182857,13182881,13182913,13182929,13182959,13182971,13182977,13183003,13183031,13183039,13183057,13183087,13183097,13183123,13183129,13183151,13183189,13183193,13183199,13183201,13183213,13183229,13183249,13183253,13183271,13183309,13183319,13183343,13183349,13183361,13183369,13183403,13183409,13183411,13183451,13183459,13183477,13183519,13183559,13183567,13183607,13183613,13183627,13183693,13183699,13183717,13183763,13183769,13183787,13183801,13183813,13183817,13183847,13183861,13183867,13183883,13183889,13183901,13183903,13183931,13183939,13183943,13183999,13184029,13184033,13184057,13184063,13184069,13184071,13184077,13184089,13184131,13184141,13184147,13184153,13184177,13184189,13184191,13184201,13184209,13184243,13184257,13184279,13184287,13184291,13184293,13184323,13184363,13184383,13184399,13184441,13184443,13184447,13184449,13184459,13184477,13184489,13184491,13184519,13184533,13184557,13184569,13184597,13184599,13184621,13184623,13184653,13184659,13184663,13184693,13184701,13184713,13184719,13184737,13184753,13184761,13184777,13184783,13184797,13184813,13184833,13184837,13184887,13184909,13184939,13184989,13184999,13185023,13185037,13185043,13185079,13185091,13185097,13185101,13185103,13185119,13185127,13185157,13185167,13185173,13185191,13185223,13185257,13185301,13185311,13185317,13185349,13185377,13185397,13185409,13185413,13185443,13185451,13185461,13185493,13185539,13185547,13185551,13185553,13185581,13185587,13185589,13185593,13185607,13185611,13185619,13185637,13185643,13185661,13185671,13185701,13185707,13185713,13185719,13185721,13185743,13185763,13185769,13185827,13185841,13185859,13185871,13185883,13185901,13185911,13185919,13185947,13185967,13185971,13185979,13186003,13186009,13186013,13186027,13186037,13186073,13186091,13186093,13186099,13186109,13186123,13186139,13186157,13186177,13186189,13186193,13186207,13186219,13186223,13186231,13186259,13186279,13186301,13186321,13186331,13186343,13186357,13186363,13186403,13186409,13186417,13186421,13186447,13186451,13186457,13186463,13186469,13186477,13186489,13186517,13186519,13186531,13186549,13186583,13186609,13186633,13186639,13186643,13186651,13186673,13186697,13186717,13186721,13186753,13186757,13186783,13186801,13186807,13186813,13186819,13186829,13186841,13186847,13186891,13186933,13186937,13186949,13186961,13186963,13186973,13186991,13186993,13187011,13187017,13187023,13187033,13187039,13187047,13187071,13187081,13187093,13187099,13187107,13187113,13187129,13187137,13187143,13187171,13187173,13187177,13187191,13187201,13187203,13187221,13187227,13187243,13187261,13187263,13187309,13187323,13187329,13187341,13187353,13187381,13187413,13187443,13187459,13187477,13187491,13187519,13187557,13187561,13187569,13187591,13187633,13187641,13187659,13187701,13187737,13187747,13187749,13187789,13187813,13187833,13187851,13187861,13187879,13187897,13187917,13187921,13187939,13187969,13187981,13187983,13187987,13188001,13188013,13188029,13188041,13188053,13188067,13188121,13188137,13188187,13188193,13188199,13188221,13188239,13188251,13188271,13188281,13188283,13188323,13188349,13188367,13188377,13188397,13188421,13188431,13188457,13188503,13188517,13188521,13188551,13188557,13188587,13188589,13188599,13188601,13188607,13188611,13188619,13188631,13188647,13188653,13188709,13188727,13188731,13188739,13188743,13188767,13188779,13188827,13188829,13188887,13188893,13188941,13188943,13188947,13188961,13188979,13189009,13189019,13189049,13189061,13189063,13189067,13189073,13189079,13189081,13189087,13189091,13189133,13189147,13189153,13189157,13189201,13189217,13189223,13189243,13189259,13189271,13189277,13189283,13189321,13189343,13189367,13189369,13189409,13189411,13189417,13189441,13189453,13189483,13189499,13189523,13189541,13189543,13189549,13189559,13189573,13189597,13189607,13189619,13189639,13189661,13189681,13189703,13189721,13189747,13189753,13189789,13189801,13189829,13189831,13189837,13189861,13189901,13189907,13189937,13189999,13190003,13190027,13190029,13190059,13190071,13190081,13190083,13190117,13190119,13190129,13190141,13190143,13190153,13190173,13190179,13190189,13190197,13190209,13190231,13190257,13190263,13190267,13190279,13190311,13190321,13190323,13190329,13190341,13190371,13190381,13190459,13190461,13190467,13190509,13190533,13190549,13190557,13190599,13190627,13190641,13190647,13190663,13190677,13190713,13190729,13190747,13190761,13190773,13190789,13190791,13190813,13190831,13190851,13190873,13190897,13190899,13190909,13190917,13190927,13190939,13190951,13190977,13190987,13190999,13191037,13191091,13191097,13191103,13191169,13191179,13191229,13191247,13191251,13191271,13191287,13191323,13191331,13191359,13191361,13191383,13191389,13191391,13191403,13191407,13191419,13191421,13191449,13191457,13191469,13191527,13191533,13191547,13191559,13191599,13191601,13191613,13191637,13191641,13191649,13191679,13191691,13191713,13191727,13191749,13191767,13191793,13191809,13191821,13191883,13191887,13191901,13191907,13191911,13191917,13191929,13191953,13191961,13191967,13191977,13191979,13191991,13192001,13192021,13192027,13192031,13192033,13192057,13192111,13192117,13192147,13192159,13192163,13192169,13192171,13192189,13192217,13192229,13192237,13192243,13192247,13192253,13192261,13192273,13192279,13192301,13192321,13192331,13192337,13192339,13192349,13192369,13192397,13192423,13192427,13192429,13192463,13192469,13192483,13192507,13192511,13192513,13192523,13192591,13192603,13192643,13192661,13192691,13192703,13192717,13192733,13192789,13192793,13192801,13192841,13192847,13192849,13192871,13192889,13192937,13192957,13192981,13192987,13192997,13193009,13193017,13193027,13193029,13193069,13193083,13193101,13193107,13193123,13193129,13193137,13193143,13193161,13193179,13193189,13193209,13193221,13193227,13193249,13193269,13193293,13193333,13193339,13193357,13193371,13193393,13193407,13193419,13193437,13193443,13193447,13193459,13193471,13193473,13193483,13193489,13193491,13193519,13193533,13193539,13193563,13193567,13193611,13193617,13193623,13193669,13193671,13193689,13193701,13193723,13193729,13193777,13193783,13193797,13193813,13193821,13193827,13193833,13193837,13193861,13193863,13193893,13193909,13193951,13193953,13193959,13193977,13193987,13194007,13194011,13194031,13194061,13194067,13194073,13194079,13194119,13194121,13194131,13194133,13194149,13194199,13194253,13194257,13194283,13194287,13194289,13194301,13194331,13194353,13194367,13194371,13194373,13194409,13194413,13194439,13194443,13194481,13194487,13194521,13194527,13194529,13194547,13194563,13194581,13194589,13194611,13194641,13194647,13194673,13194689,13194697,13194707,13194757,13194761,13194781,13194791,13194793,13194799,13194803,13194859,13194869,13194889,13194901,13194959,13194967,13194997,13195001,13195027,13195033,13195067,13195069,13195073,13195097,13195103,13195163,13195187,13195207,13195211,13195219,13195249,13195277,13195289,13195309,13195327,13195331,13195333,13195361,13195363,13195373,13195381,13195393,13195439,13195447,13195471,13195477,13195487,13195513,13195517,13195529,13195541,13195547,13195571,13195577,13195591,13195597,13195601,13195613,13195619,13195631,13195669,13195733,13195753,13195799,13195811,13195817,13195829,13195837,13195843,13195849,13195873,13195877,13195913,13195967,13195979,13195981,13196009,13196021,13196033,13196077,13196083,13196093,13196107,13196123,13196129,13196147,13196149,13196153,13196159,13196177,13196201,13196221,13196231,13196263,13196269,13196291,13196299,13196327,13196329,13196371,13196377,13196389,13196441,13196453,13196459,13196467,13196473,13196543,13196563,13196581,13196587,13196593,13196609,13196611,13196633,13196647,13196681,13196683,13196717,13196719,13196723,13196741,13196747,13196749,13196759,13196791,13196797,13196803,13196819,13196837,13196839,13196873,13196893,13196903,13196921,13196927,13196933,13196941,13196971,13196977,13196987,13196993,13196999,13197017,13197097,13197109,13197127,13197131,13197137,13197143,13197161,13197169,13197209,13197241,13197251,13197269,13197281,13197293,13197299,13197313,13197337,13197361,13197391,13197427,13197433,13197439,13197461,13197463,13197467,13197473,13197479,13197497,13197539,13197557,13197563,13197601,13197619,13197629,13197631,13197637,13197643,13197649,13197659,13197683,13197707,13197719,13197731,13197733,13197739,13197749,13197773,13197803,13197817,13197841,13197851,13197869,13197881,13197923,13197953,13197959,13197979,13197983,13197991,13198019,13198037,13198039,13198043,13198049,13198057,13198063,13198091,13198099,13198109,13198127,13198139,13198147,13198223,13198243,13198249,13198259,13198267,13198279,13198301,13198313,13198321,13198357,13198363,13198373,13198379,13198429,13198439,13198441,13198453,13198459,13198489,13198501,13198541,13198543,13198547,13198553,13198621,13198637,13198651,13198663,13198667,13198697,13198699,13198723,13198727,13198733,13198747,13198763,13198769,13198793,13198811,13198813,13198819,13198853,13198859,13198877,13198883,13198903,13198907,13198921,13198957,13198981,13198993,13199003,13199009,13199027,13199041,13199051,13199071,13199099,13199101,13199143,13199177,13199183,13199189,13199209,13199213,13199227,13199239,13199257,13199261,13199267,13199317,13199341,13199359,13199371,13199377,13199383,13199411,13199419,13199423,13199443,13199449,13199467,13199477,13199489,13199503,13199507,13199551,13199609,13199617,13199629,13199647,13199651,13199653,13199671,13199687,13199689,13199741,13199743,13199749,13199779,13199801,13199821,13199833,13199863,13199867,13199887,13199891,13199899,13199917,13199929,13199951,13199957,13199981,13199983,13200001,13200101,13200119,13200169,13200179,13200199,13200221,13200223,13200241,13200251,13200259,13200263,13200281,13200283,13200289,13200311,13200323,13200329,13200353,13200359,13200409,13200431,13200433,13200437,13200443,13200463,13200469,13200479,13200487,13200493,13200503,13200557,13200563,13200581,13200587,13200617,13200631,13200641,13200659,13200667,13200673,13200679,13200701,13200703,13200709,13200727,13200743,13200767,13200769,13200779,13200791,13200797,13200833,13200841,13200851,13200853,13200883,13200907,13200923,13200961,13200977,13200983,13200997,13201033,13201037,13201039,13201051,13201087,13201091,13201093,13201117,13201121,13201127,13201147,13201157,13201159,13201189,13201217,13201249,13201259,13201261,13201283,13201291,13201327,13201337,13201373,13201403,13201411,13201417,13201421,13201439,13201483,13201499,13201511,13201541,13201577,13201579,13201633,13201649,13201651,13201679,13201687,13201703,13201709,13201723,13201759,13201763,13201801,13201841,13201849,13201861,13201879,13201883,13201889,13201891,13201907,13201913,13201919,13201943,13201957,13201963,13201967,13201997,13201999,13202009,13202011,13202029,13202051,13202107,13202113,13202117,13202143,13202173,13202179,13202213,13202219,13202227,13202239,13202263,13202281,13202297,13202317,13202327,13202339,13202341,13202351,13202381,13202389,13202411,13202461,13202467,13202471,13202509,13202513,13202543,13202611,13202617,13202639,13202641,13202647,13202669,13202681,13202689,13202699,13202711,13202731,13202737,13202771,13202797,13202803,13202809,13202831,13202867,13202881,13202899,13202909,13202921,13202923,13202933,13202941,13202957,13202971,13202977,13202983,13203011,13203013,13203017,13203031,13203083,13203103,13203139,13203167,13203181,13203209,13203217,13203251,13203263,13203269,13203277,13203283,13203293,13203313,13203317,13203319,13203361,13203401,13203409,13203419,13203431,13203457,13203473,13203493,13203503,13203527,13203563,13203571,13203581,13203601,13203637,13203643,13203653,13203677,13203683,13203691,13203719,13203721,13203761,13203767,13203791,13203793,13203797,13203811,13203821,13203829,13203833,13203847,13203859,13203871,13203887,13203901,13203913,13203919,13203929,13203973,13203977,13203979,13203991,13204007,13204043,13204067,13204073,13204097,13204117,13204123,13204157,13204199,13204201,13204211,13204237,13204241,13204249,13204267,13204271,13204273,13204283,13204327,13204333,13204339,13204361,13204381,13204409,13204421,13204447,13204453,13204469,13204517,13204519,13204537,13204559,13204567,13204577,13204619,13204627,13204643,13204649,13204661,13204673,13204679,13204687,13204693,13204717,13204721,13204727,13204759,13204777,13204781,13204787,13204811,13204823,13204837,13204843,13204847,13204879,13204883,13204907,13204949,13204957,13204969,13204973,13205029,13205069,13205081,13205083,13205089,13205099,13205117,13205123,13205131,13205147,13205149,13205173,13205183,13205207,13205249,13205251,13205267,13205273,13205279,13205303,13205327,13205329,13205347,13205351,13205363,13205393,13205419,13205461,13205471,13205477,13205509,13205531,13205537,13205603,13205653,13205663,13205669,13205671,13205681,13205683,13205693,13205711,13205713,13205723,13205729,13205737,13205789,13205791,13205809,13205827,13205849,13205869,13205879,13205891,13205953,13205981,13205987,13205989,13206001,13206023,13206041,13206043,13206131,13206173,13206181,13206191,13206227,13206233,13206253,13206257,13206269,13206307,13206329,13206337,13206343,13206353,13206367,13206371,13206377,13206407,13206419,13206421,13206449,13206491,13206493,13206511,13206517,13206541,13206553,13206563,13206581,13206601,13206607,13206631,13206679,13206707,13206709,13206727,13206731,13206757,13206779,13206793,13206821,13206847,13206871,13206883,13206889,13206917,13206929,13206931,13206959,13206971,13206979,13207001,13207009,13207021,13207067,13207069,13207097,13207099,13207121,13207127,13207153,13207163,13207169,13207199,13207213,13207217,13207247,13207273,13207277,13207279,13207291,13207297,13207303,13207307,13207343,13207357,13207361,13207373,13207387,13207391,13207429,13207463,13207477,13207501,13207507,13207531,13207559,13207567,13207573,13207577,13207583,13207591,13207609,13207613,13207687,13207693,13207697,13207721,13207723,13207729,13207739,13207741,13207763,13207769,13207783,13207787,13207823,13207877,13207879,13207921,13207949,13207951,13207979,13207981,13207991,13207993,13208023,13208029,13208047,13208051,13208057,13208093,13208131,13208159,13208203,13208207,13208213,13208219,13208257,13208291,13208309,13208329,13208339,13208347,13208359,13208399,13208407,13208413,13208431,13208443,13208467,13208471,13208479,13208483,13208557,13208561,13208597,13208621,13208633,13208639,13208651,13208669,13208719,13208731,13208761,13208771,13208773,13208777,13208791,13208801,13208803,13208809,13208827,13208851,13208873,13208887,13208917,13208957,13208981,13209013,13209019,13209089,13209101,13209109,13209121,13209139,13209151,13209167,13209173,13209179,13209191,13209211,13209227,13209241,13209247,13209263,13209269,13209281,13209293,13209307,13209311,13209331,13209347,13209359,13209401,13209409,13209419,13209433,13209437,13209439,13209457,13209461,13209463,13209467,13209517,13209523,13209563,13209571,13209577,13209583,13209589,13209593,13209607,13209619,13209641,13209649,13209661,13209673,13209727,13209737,13209743,13209767,13209793,13209821,13209829,13209857,13209863,13209871,13209881,13209919,13209929,13209947,13209953,13209967,13209979,13209983,13209991,13210013,13210033,13210081,13210097,13210103,13210117,13210121,13210129,13210151,13210163,13210177,13210213,13210237,13210273,13210313,13210357,13210361,13210367,13210387,13210391,13210403,13210423,13210427,13210447,13210469,13210481,13210493,13210501,13210507,13210523,13210531,13210543,13210553,13210577,13210583,13210601,13210607,13210627,13210633,13210663,13210669,13210741,13210777,13210789,13210793,13210801,13210811,13210817,13210823,13210889,13210891,13210903,13210907,13210913,13210931,13210937,13211059,13211063,13211069,13211083,13211101,13211111,13211113,13211123,13211129,13211161,13211167,13211179,13211201,13211207,13211243,13211267,13211273,13211311,13211323,13211347,13211351,13211357,13211381,13211399,13211423,13211437,13211477,13211519,13211531,13211543,13211551,13211573,13211579,13211581,13211587,13211603,13211623,13211641,13211657,13211659,13211677,13211687,13211689,13211699,13211711,13211713,13211719,13211741,13211749,13211767,13211789,13211801,13211813,13211819,13211827,13211831,13211833,13211843,13211899,13211903,13211917,13211951,13211953,13211969,13211977,13211993,13212007,13212013,13212053,13212061,13212103,13212109,13212131,13212151,13212161,13212167,13212181,13212229,13212259,13212263,13212289,13212307,13212337,13212341,13212347,13212377,13212403,13212413,13212427,13212431,13212439,13212443,13212491,13212523,13212533,13212547,13212599,13212607,13212629,13212643,13212677,13212679,13212697,13212707,13212713,13212743,13212763,13212767,13212799,13212803,13212817,13212821,13212827,13212839,13212841,13212863,13212883,13212907,13212917,13212919,13212929,13212931,13212937,13212967,13213001,13213043,13213051,13213061,13213069,13213087,13213093,13213121,13213127,13213129,13213139,13213153,13213159,13213229,13213231,13213237,13213253,13213259,13213273,13213279,13213283,13213289,13213297,13213327,13213331,13213363,13213391,13213399,13213423,13213441,13213451,13213481,13213507,13213547,13213579,13213667,13213679,13213691,13213703,13213747,13213769,13213829,13213831,13213841,13213853,13213867,13213901,13213933,13213939,13213951,13213979,13213999,13214009,13214011,13214017,13214021,13214027,13214039,13214041,13214057,13214081,13214099,13214137,13214141,13214147,13214183,13214189,13214203,13214207,13214221,13214233,13214237,13214239,13214249,13214261,13214263,13214269,13214273,13214303,13214323,13214353,13214359,13214371,13214413,13214417,13214419,13214429,13214447,13214471,13214479,13214497,13214503,13214507,13214521,13214527,13214561,13214599,13214623,13214639,13214647,13214657,13214681,13214687,13214689,13214693,13214713,13214723,13214737,13214741,13214743,13214767,13214771,13214777,13214783,13214791,13214813,13214819,13214827,13214837,13214843,13214863,13214881,13214893,13214909,13214917,13214921,13214947,13214953,13214977,13214983,13215029,13215047,13215049,13215053,13215091,13215107,13215109,13215113,13215121,13215151,13215187,13215193,13215221,13215229,13215247,13215277,13215287,13215311,13215313,13215337,13215359,13215379,13215383,13215421,13215427,13215439,13215457,13215473,13215479,13215533,13215539,13215541,13215569,13215581,13215599,13215607,13215617,13215661,13215691,13215707,13215721,13215739,13215751,13215767,13215779,13215781,13215791,13215803,13215809,13215821,13215859,13215871,13215893,13215901,13215911,13215913,13215929,13215949,13215991,13215997,13216003,13216009,13216031,13216051,13216057,13216069,13216079,13216081,13216087,13216097,13216127,13216171,13216193,13216201,13216223,13216241,13216243,13216249,13216303,13216331,13216337,13216369,13216387,13216397,13216403,13216433,13216477,13216481,13216507,13216519,13216543,13216549,13216561,13216583,13216597,13216601,13216603,13216607,13216613,13216631,13216639,13216661,13216669,13216699,13216703,13216711,13216727,13216741,13216751,13216783,13216787,13216793,13216813,13216831,13216843,13216873,13216901,13216909,13216919,13216921,13216963,13216969,13216991,13216993,13216997,13216999,13217021,13217033,13217089,13217101,13217117,13217131,13217137,13217167,13217173,13217201,13217207,13217209,13217221,13217233,13217257,13217263,13217273,13217287,13217311,13217327,13217329,13217363,13217423,13217429,13217437,13217441,13217443,13217447,13217459,13217467,13217509,13217513,13217531,13217537,13217543,13217579,13217629,13217639,13217647,13217671,13217683,13217717,13217731,13217747,13217759,13217777,13217783,13217803,13217807,13217819,13217821,13217839,13217849,13217861,13217903,13217909,13217921,13217929,13217957,13217969,13218019,13218047,13218083,13218089,13218097,13218131,13218181,13218199,13218209,13218263,13218269,13218311,13218313,13218347,13218349,13218371,13218379,13218397,13218407,13218409,13218463,13218473,13218487,13218511,13218529,13218533,13218559,13218581,13218589,13218599,13218607,13218619,13218649,13218659,13218671,13218697,13218701,13218727,13218743,13218823,13218827,13218839,13218847,13218871,13218893,13218901,13218923,13218937,13218943,13218967,13218977,13219061,13219067,13219069,13219111,13219121,13219133,13219139,13219153,13219159,13219163,13219177,13219211,13219229,13219253,13219279,13219321,13219337,13219357,13219379,13219391,13219399,13219403,13219433,13219439,13219441,13219469,13219477,13219501,13219517,13219519,13219537,13219543,13219559,13219567,13219571,13219601,13219637,13219667,13219691,13219699,13219729,13219747,13219751,13219777,13219813,13219861,13219883,13219889,13219891,13219901,13219903,13219909,13219933,13219951,13219961,13219979,13220003,13220021,13220023,13220041,13220047,13220057,13220069,13220083,13220099,13220117,13220131,13220177,13220183,13220191,13220213,13220231,13220243,13220261,13220269,13220279,13220281,13220287,13220309,13220329,13220351,13220357,13220369,13220381,13220387,13220401,13220411,13220419,13220437,13220461,13220521,13220527,13220533,13220551,13220567,13220587,13220609,13220629,13220633,13220639,13220659,13220671,13220687,13220717,13220731,13220741,13220749,13220773,13220843,13220863,13220873,13220881,13220891,13220899,13220947,13220953,13220971,13220989,13220993,13221007,13221011,13221029,13221031,13221037,13221059,13221077,13221083,13221101,13221137,13221139,13221149,13221151,13221191,13221199,13221209,13221227,13221233,13221269,13221287,13221289,13221293,13221317,13221337,13221347,13221349,13221353,13221379,13221401,13221413,13221421,13221431,13221443,13221457,13221479,13221491,13221493,13221497,13221503,13221553,13221577,13221581,13221583,13221599,13221623,13221629,13221641,13221643,13221647,13221667,13221671,13221673,13221679,13221697,13221737,13221749,13221781,13221821,13221823,13221827,13221863,13221877,13221881,13221911,13221917,13221919,13221931,13221947,13221953,13221977,13221997,13222031,13222037,13222067,13222091,13222093,13222103,13222109,13222123,13222127,13222129,13222133,13222159,13222163,13222169,13222189,13222201,13222207,13222229,13222267,13222273,13222301,13222303,13222327,13222331,13222343,13222411,13222427,13222439,13222441,13222453,13222471,13222483,13222501,13222507,13222511,13222553,13222571,13222589,13222603,13222619,13222621,13222633,13222639,13222661,13222663,13222669,13222687,13222691,13222711,13222717,13222733,13222751,13222757,13222763,13222777,13222789,13222823,13222843,13222849,13222871,13222873,13222877,13222883,13222901,13222939,13222967,13222981,13223003,13223029,13223039,13223051,13223057,13223071,13223083,13223087,13223123,13223173,13223179,13223191,13223201,13223213,13223237,13223239,13223269,13223281,13223291,13223299,13223323,13223339,13223347,13223359,13223369,13223389,13223401,13223423,13223437,13223461,13223471,13223473,13223527,13223549,13223557,13223593,13223629,13223633,13223647,13223669,13223687,13223699,13223759,13223761,13223767,13223783,13223801,13223831,13223843,13223863,13223879,13223893,13223923,13223927,13223933,13223941,13223957,13224037,13224077,13224089,13224097,13224119,13224131,13224137,13224139,13224143,13224151,13224157,13224173,13224179,13224187,13224191,13224193,13224221,13224223,13224227,13224269,13224271,13224313,13224331,13224347,13224391,13224457,13224469,13224499,13224539,13224559,13224571,13224583,13224593,13224611,13224619,13224641,13224647,13224671,13224677,13224683,13224697,13224713,13224727,13224737,13224749,13224751,13224763,13224769,13224773,13224797,13224803,13224821,13224823,13224829,13224859,13224863,13224881,13224901,13224917,13224949,13224961,13224989,13225039,13225061,13225067,13225081,13225103,13225109,13225111,13225117,13225151,13225171,13225183,13225193,13225213,13225217,13225229,13225237,13225259,13225279,13225291,13225301,13225343,13225351,13225361,13225369,13225393,13225397,13225403,13225409,13225423,13225427,13225447,13225451,13225453,13225517,13225549,13225573,13225591,13225603,13225607,13225631,13225699,13225703,13225717,13225741,13225757,13225763,13225781,13225787,13225819,13225831,13225841,13225873,13225931,13225969,13225973,13225981,13225987,13225997,13225999,13226009,13226011,13226027,13226029,13226039,13226041,13226107,13226123,13226159,13226167,13226179,13226189,13226197,13226237,13226251,13226263,13226273,13226287,13226293,13226303,13226329,13226351,13226363,13226371,13226399,13226401,13226419,13226467,13226471,13226497,13226503,13226509,13226513,13226531,13226579,13226593,13226597,13226611,13226617,13226623,13226683,13226713,13226729,13226743,13226747,13226767,13226783,13226819,13226821,13226827,13226861,13226897,13226903,13226921,13227023,13227029,13227031,13227077,13227083,13227119,13227127,13227143,13227197,13227209,13227251,13227281,13227289,13227307,13227311,13227317,13227329,13227337,13227353,13227367,13227373,13227397,13227413,13227419,13227427,13227433,13227457,13227491,13227493,13227497,13227499,13227503,13227521,13227551,13227583,13227601,13227619,13227631,13227647,13227659,13227677,13227689,13227701,13227713,13227719,13227749,13227757,13227811,13227827,13227847,13227881,13227883,13227889,13227901,13227919,13227923,13227931,13227937,13227941,13227943,13227947,13227983,13228001,13228003,13228021,13228037,13228043,13228049,13228063,13228067,13228069,13228097,13228121,13228141,13228153,13228157,13228169,13228177,13228183,13228207,13228211,13228247,13228283,13228297,13228301,13228307,13228333,13228339,13228343,13228361,13228367,13228409,13228417,13228421,13228433,13228441,13228487,13228489,13228529,13228531,13228577,13228603,13228619,13228627,13228639,13228651,13228673,13228679,13228687,13228717,13228741,13228751,13228757,13228759,13228777,13228781,13228783,13228793,13228801,13228819,13228823,13228829,13228837,13228861,13228867,13228903,13228913,13228951,13228961,13228967,13228973,13229053,13229057,13229089,13229093,13229113,13229119,13229129,13229143,13229147,13229173,13229189,13229197,13229201,13229207,13229267,13229269,13229273,13229303,13229311,13229323,13229329,13229341,13229357,13229389,13229399,13229413,13229431,13229441,13229443,13229477,13229479,13229521,13229533,13229549,13229581,13229617,13229627,13229633,13229639,13229641,13229647,13229651,13229659,13229663,13229707,13229729,13229737,13229743,13229759,13229789,13229803,13229809,13229837,13229851,13229857,13229861,13229897,13229903,13229933,13229941,13229981,13229999,13230001,13230013,13230043,13230047,13230059,13230067,13230071,13230073,13230079,13230109,13230169,13230179,13230223,13230253,13230263,13230271,13230277,13230299,13230307,13230341,13230361,13230377,13230383,13230389,13230391,13230419,13230457,13230487,13230493,13230523,13230527,13230551,13230559,13230563,13230587,13230619,13230643,13230647,13230661,13230667,13230671,13230677,13230689,13230731,13230787,13230797,13230803,13230817,13230827,13230851,13230853,13230857,13230863,13230887,13230901,13230907,13230949,13230953,13230967,13230983,13230991,13231019,13231027,13231061,13231067,13231103,13231123,13231147,13231159,13231171,13231189,13231247,13231249,13231261,13231289,13231297,13231313,13231319,13231331,13231333,13231343,13231357,13231367,13231369,13231373,13231411,13231481,13231523,13231529,13231531,13231553,13231583,13231591,13231633,13231639,13231649,13231651,13231667,13231679,13231703,13231711,13231717,13231721,13231741,13231781,13231787,13231811,13231819,13231843,13231861,13231873,13231891,13231901,13231913,13231921,13231931,13231949,13231951,13231963,13231973,13231987,13231991,13231997,13232017,13232029,13232039,13232041,13232099,13232119,13232129,13232143,13232147,13232161,13232203,13232213,13232249,13232269,13232287,13232311,13232327,13232339,13232357,13232371,13232389,13232399,13232437,13232467,13232489,13232501,13232507,13232537,13232539,13232543,13232561,13232573,13232581,13232603,13232623,13232633,13232641,13232651,13232657,13232663,13232677,13232689,13232699,13232707,13232711,13232731,13232761,13232771,13232789,13232801,13232867,13232887,13232893,13232899,13232983,13233007,13233061,13233071,13233083,13233097,13233109,13233127,13233149,13233163,13233167,13233173,13233203,13233229,13233239,13233263,13233281,13233307,13233313,13233331,13233343,13233359,13233403,13233413,13233433,13233449,13233503,13233509,13233553,13233569,13233587,13233589,13233593,13233607,13233631,13233643,13233691,13233713,13233757,13233793,13233811,13233833,13233839,13233841,13233851,13233887,13233893,13233911,13233919,13233943,13233959,13233967,13233971,13233977,13233989,13233991,13234003,13234009,13234019,13234027,13234043,13234061,13234069,13234073,13234079,13234087,13234099,13234141,13234157,13234183,13234189,13234201,13234217,13234219,13234253,13234261,13234297,13234321,13234343,13234357,13234369,13234379,13234399,13234409,13234439,13234451,13234457,13234511,13234541,13234547,13234549,13234601,13234609,13234667,13234679,13234691,13234693,13234699,13234747,13234757,13234769,13234787,13234801,13234813,13234829,13234843,13234847,13234853,13234883,13234909,13234919,13234951,13234957,13234961,13234967,13234981,13235009,13235017,13235021,13235023,13235041,13235063,13235071,13235083,13235093,13235147,13235161,13235179,13235207,13235219,13235221,13235237,13235269,13235297,13235303,13235309,13235311,13235317,13235363,13235371,13235389,13235399,13235447,13235449,13235459,13235461,13235471,13235473,13235477,13235483,13235489,13235491,13235501,13235507,13235539,13235569,13235587,13235591,13235617,13235633,13235669,13235681,13235693,13235699,13235713,13235731,13235737,13235753,13235767,13235773,13235777,13235801,13235863,13235869,13235881,13235903,13235909,13235923,13235933,13235947,13235969,13236011,13236019,13236023,13236037,13236043,13236053,13236107,13236127,13236137,13236191,13236203,13236227,13236239,13236257,13236277,13236283,13236313,13236323,13236337,13236341,13236361,13236367,13236373,13236409,13236413,13236437,13236439,13236463,13236479,13236493,13236511,13236533,13236539,13236541,13236547,13236551,13236571,13236577,13236581,13236583,13236593,13236617,13236631,13236637,13236653,13236667,13236677,13236679,13236719,13236737,13236739,13236763,13236767,13236779,13236781,13236791,13236793,13236833,13236841,13236877,13236889,13236893,13236917,13236929,13236941,13236947,13236953,13236961,13236967,13236997,13237001,13237039,13237043,13237087,13237097,13237099,13237111,13237117,13237151,13237153,13237187,13237199,13237201,13237207,13237261,13237267,13237277,13237297,13237307,13237313,13237327,13237349,13237423,13237459,13237463,13237481,13237501,13237517,13237519,13237541,13237561,13237573,13237583,13237613,13237619,13237621,13237639,13237649,13237657,13237727,13237733,13237751,13237799,13237801,13237817,13237831,13237843,13237859,13237901,13237907,13237963,13237967,13237979,13237981,13237997,13238009,13238011,13238047,13238051,13238101,13238129,13238149,13238153,13238167,13238177,13238207,13238233,13238249,13238263,13238273,13238293,13238311,13238339,13238347,13238369,13238389,13238399,13238411,13238437,13238441,13238473,13238503,13238507,13238509,13238513,13238527,13238543,13238549,13238551,13238567,13238579,13238627,13238633,13238653,13238663,13238677,13238681,13238683,13238689,13238717,13238723,13238747,13238779,13238807,13238809,13238831,13238857,13238879,13238881,13238893,13238909,13238917,13238963,13238977,13238987,13238989,13239001,13239043,13239059,13239103,13239113,13239119,13239137,13239199,13239203,13239211,13239223,13239251,13239301,13239323,13239337,13239361,13239389,13239407,13239437,13239461,13239469,13239493,13239503,13239521,13239533,13239539,13239613,13239619,13239641,13239643,13239649,13239671,13239691,13239703,13239727,13239731,13239749,13239757,13239763,13239773,13239781,13239823,13239833,13239857,13239887,13239901,13239913,13239931,13239943,13239949,13239997,13240021,13240049,13240057,13240063,13240079,13240099,13240103,13240109,13240141,13240159,13240181,13240189,13240217,13240223,13240231,13240291,13240303,13240309,13240313,13240319,13240333,13240343,13240349,13240363,13240369,13240391,13240421,13240453,13240457,13240459,13240463,13240481,13240489,13240519,13240523,13240529,13240531,13240537,13240541,13240543,13240553,13240573,13240589,13240609,13240613,13240621,13240651,13240657,13240673,13240681,13240697,13240729,13240757,13240763,13240769,13240771,13240817,13240837,13240859,13240873,13240879,13240889,13240921,13240933,13240949,13240973,13241017,13241021,13241027,13241047,13241051,13241057,13241069,13241083,13241089,13241093,13241099,13241101,13241159,13241161,13241177,13241191,13241203,13241219,13241243,13241257,13241273,13241329,13241339,13241359,13241369,13241381,13241387,13241471,13241477,13241479,13241513,13241519,13241533,13241539,13241551,13241581,13241587,13241609,13241653,13241663,13241699,13241717,13241731,13241773,13241797,13241821,13241849,13241857,13241863,13241869,13241911,13241927,13241953,13241971,13241983,13242001,13242011,13242013,13242029,13242037,13242049,13242071,13242079,13242101,13242121,13242157,13242169,13242179,13242191,13242197,13242199,13242253,13242277,13242287,13242289,13242293,13242329,13242347,13242367,13242377,13242379,13242407,13242443,13242497,13242511,13242517,13242529,13242547,13242587,13242613,13242623,13242629,13242637,13242661,13242679,13242683,13242689,13242701,13242769,13242773,13242787,13242799,13242811,13242833,13242863,13242869,13242907,13242923,13242967,13242973,13242997,13243001,13243031,13243033,13243063,13243067,13243079,13243091,13243121,13243127,13243129,13243141,13243157,13243159,13243177,13243201,13243211,13243213,13243253,13243259,13243271,13243273,13243297,13243303,13243319,13243327,13243339,13243381,13243387,13243393,13243409,13243429,13243453,13243463,13243471,13243537,13243547,13243579,13243583,13243591,13243597,13243621,13243631,13243661,13243717,13243723,13243739,13243751,13243753,13243777,13243793,13243819,13243847,13243849,13243859,13243873,13243877,13243889,13243897,13243933,13243961,13243963,13243973,13243991,13243999,13244009,13244027,13244051,13244057,13244087,13244123,13244141,13244149,13244167,13244183,13244219,13244233,13244243,13244281,13244291,13244293,13244321,13244323,13244327,13244351,13244383,13244431,13244443,13244447,13244453,13244467,13244521,13244549,13244551,13244563,13244579,13244591,13244593,13244597,13244633,13244641,13244669,13244687,13244773,13244783,13244789,13244797,13244801,13244807,13244813,13244821,13244827,13244831,13244867,13244897,13244911,13244923,13244951,13244953,13244963,13244971,13244977,13244981,13244993,13245007,13245013,13245031,13245049,13245077,13245107,13245137,13245151,13245187,13245203,13245233,13245251,13245259,13245269,13245301,13245307,13245311,13245317,13245341,13245359,13245361,13245367,13245391,13245403,13245409,13245437,13245457,13245467,13245473,13245509,13245511,13245517,13245553,13245563,13245577,13245581,13245599,13245607,13245613,13245623,13245643,13245647,13245691,13245709,13245731,13245809,13245811,13245823,13245857,13245877,13245899,13245901,13245917,13245931,13245937,13245943,13245961,13246001,13246003,13246019,13246027,13246033,13246039,13246061,13246087,13246099,13246117,13246133,13246139,13246147,13246153,13246171,13246201,13246217,13246241,13246253,13246271,13246291,13246297,13246307,13246309,13246319,13246357,13246379,13246391,13246411,13246421,13246427,13246447,13246463,13246469,13246489,13246511,13246529,13246531,13246543,13246549,13246573,13246601,13246609,13246619,13246627,13246631,13246657,13246669,13246679,13246687,13246691,13246693,13246711,13246721,13246729,13246747,13246759,13246763,13246787,13246801,13246811,13246837,13246843,13246861,13246907,13246931,13246949,13246969,13246973,13246991,13247023,13247041,13247051,13247071,13247077,13247081,13247083,13247089,13247107,13247111,13247119,13247159,13247167,13247177,13247197,13247203,13247207,13247239,13247249,13247257,13247281,13247291,13247303,13247317,13247321,13247347,13247359,13247363,13247371,13247401,13247413,13247417,13247453,13247473,13247477,13247491,13247527,13247537,13247567,13247593,13247603,13247621,13247623,13247627,13247657,13247669,13247687,13247699,13247711,13247723,13247753,13247779,13247789,13247791,13247803,13247833,13247849,13247851,13247863,13247869,13247873,13247893,13247903,13247911,13247939,13247957,13247987,13247989,13248017,13248029,13248047,13248061,13248071,13248089,13248091,13248097,13248101,13248119,13248139,13248181,13248197,13248203,13248217,13248223,13248227,13248239,13248247,13248269,13248281,13248283,13248293,13248317,13248329,13248341,13248349,13248373,13248383,13248397,13248409,13248413,13248421,13248461,13248467,13248503,13248523,13248527,13248541,13248583,13248659,13248727,13248731,13248733,13248743,13248751,13248779,13248791,13248793,13248799,13248817,13248821,13248857,13248881,13248883,13248889,13248929,13248941,13248953,13248959,13248973,13248979,13249003,13249007,13249009,13249037,13249039,13249051,13249111,13249141,13249147,13249153,13249157,13249189,13249237,13249267,13249283,13249303,13249319,13249321,13249331,13249337,13249339,13249343,13249349,13249361,13249393,13249421,13249429,13249447,13249463,13249487,13249499,13249513,13249543,13249583,13249609,13249657,13249667,13249693,13249699,13249721,13249739,13249757,13249787,13249793,13249799,13249837,13249843,13249867,13249879,13249883,13249889,13249903,13249933,13249937,13249967,13249997,13250009,13250101,13250137,13250141,13250143,13250147,13250173,13250177,13250183,13250197,13250213,13250227,13250249,13250269,13250273,13250311,13250333,13250357,13250383,13250387,13250411,13250443,13250509,13250521,13250533,13250537,13250557,13250563,13250621,13250683,13250687,13250693,13250707,13250711,13250717,13250723,13250753,13250761,13250779,13250789,13250807,13250819,13250827,13250843,13250863,13250873,13250891,13250899,13250911,13250953,13250959,13250989,13251001,13251019,13251023,13251031,13251047,13251071,13251079,13251083,13251097,13251101,13251103,13251107,13251131,13251137,13251157,13251169,13251233,13251253,13251257,13251263,13251311,13251317,13251319,13251349,13251361,13251367,13251373,13251377,13251383,13251391,13251419,13251421,13251437,13251451,13251467,13251479,13251499,13251527,13251529,13251533,13251541,13251547,13251647,13251649,13251659,13251709,13251727,13251731,13251739,13251769,13251773,13251779,13251803,13251827,13251839,13251853,13251859,13251881,13251923,13251929,13251941,13251947,13251967,13251971,13251977,13251989,13252039,13252051,13252081,13252087,13252123,13252133,13252157,13252193,13252199,13252219,13252243,13252259,13252273,13252303,13252313,13252321,13252331,13252373,13252381,13252397,13252409,13252417,13252427,13252429,13252441,13252451,13252489,13252529,13252559,13252567,13252573,13252583,13252601,13252609,13252621,13252627,13252661,13252663,13252691,13252711,13252721,13252751,13252763,13252777,13252783,13252787,13252793,13252829,13252847,13252849,13252867,13252871,13252879,13252927,13252933,13252973,13252997,13252999,13253003,13253017,13253033,13253057,13253099,13253101,13253131,13253137,13253147,13253153,13253161,13253167,13253171,13253189,13253197,13253237,13253239,13253249,13253293,13253297,13253309,13253311,13253323,13253329,13253351,13253381,13253407,13253423,13253441,13253447,13253459,13253467,13253473,13253477,13253479,13253491,13253519,13253521,13253533,13253549,13253561,13253567,13253573,13253579,13253587,13253627,13253633,13253677,13253687,13253729,13253741,13253743,13253749,13253753,13253759,13253767,13253803,13253813,13253831,13253837,13253839,13253843,13253857,13253861,13253879,13253893,13253917,13253923,13253951,13253971,13253987,13253993,13254011,13254013,13254023,13254037,13254041,13254053,13254061,13254083,13254107,13254113,13254119,13254121,13254127,13254149,13254151,13254167,13254181,13254221,13254239,13254257,13254259,13254281,13254323,13254361,13254401,13254403,13254431,13254443,13254469,13254487,13254491,13254499,13254511,13254529,13254539,13254551,13254569,13254583,13254587,13254589,13254599,13254607,13254617,13254641,13254649,13254667,13254691,13254719,13254743,13254803,13254821,13254833,13254841,13254853,13254889,13254911,13254947,13254961,13254977,13254979,13255007,13255009,13255031,13255043,13255057,13255063,13255069,13255091,13255093,13255097,13255111,13255127,13255157,13255171,13255201,13255243,13255261,13255273,13255279,13255283,13255303,13255351,13255373,13255397,13255409,13255469,13255477,13255493,13255499,13255511,13255519,13255531,13255537,13255547,13255549,13255553,13255577,13255579,13255601,13255609,13255621,13255633,13255651,13255661,13255663,13255679,13255687,13255703,13255721,13255741,13255757,13255763,13255769,13255783,13255793,13255807,13255829,13255831,13255841,13255861,13255873,13255951,13255999,13256029,13256057,13256059,13256071,13256077,13256137,13256147,13256183,13256207,13256237,13256239,13256333,13256359,13256363,13256371,13256377,13256401,13256417,13256423,13256443,13256449,13256527,13256563,13256597,13256647,13256657,13256701,13256707,13256723,13256759,13256777,13256797,13256801,13256819,13256827,13256839,13256849,13256861,13256879,13256897,13256941,13256959,13256963,13256987,13257007,13257011,13257017,13257043,13257061,13257073,13257077,13257107,13257121,13257143,13257151,13257187,13257197,13257199,13257203,13257221,13257253,13257259,13257271,13257317,13257319,13257323,13257329,13257389,13257397,13257401,13257443,13257451,13257469,13257493,13257521,13257523,13257533,13257577,13257589,13257599,13257653,13257659,13257689,13257697,13257703,13257709,13257731,13257733,13257737,13257743,13257781,13257793,13257817,13257823,13257833,13257869,13257919,13257929,13257947,13257971,13258031,13258033,13258039,13258073,13258081,13258103,13258121,13258127,13258151,13258153,13258163,13258199,13258213,13258243,13258261,13258291,13258309,13258313,13258339,13258363,13258381,13258393,13258397,13258451,13258459,13258463,13258471,13258489,13258499,13258501,13258507,13258513,13258517,13258519,13258541,13258549,13258571,13258601,13258613,13258627,13258633,13258643,13258667,13258727,13258757,13258769,13258781,13258783,13258801,13258811,13258813,13258837,13258849,13258873,13258897,13258919,13258933,13258937,13258939,13258943,13258951,13258961,13258969,13258991,13259053,13259069,13259083,13259107,13259111,13259137,13259149,13259153,13259161,13259173,13259189,13259219,13259243,13259249,13259287,13259327,13259341,13259347,13259377,13259417,13259423,13259443,13259447,13259471,13259489,13259497,13259513,13259527,13259539,13259551,13259563,13259567,13259581,13259591,13259611,13259621,13259629,13259651,13259657,13259669,13259693,13259731,13259737,13259767,13259773,13259809,13259821,13259833,13259839,13259849,13259893,13259899,13259921,13259923,13259941,13259963,13259993,13259999,13260007,13260019,13260053,13260059,13260067,13260083,13260089,13260113,13260127,13260133,13260139,13260151,13260161,13260193,13260209,13260217,13260227,13260239,13260253,13260257,13260283,13260287,13260307,13260311,13260341,13260349,13260353,13260371,13260389,13260413,13260421,13260431,13260449,13260463,13260479,13260487,13260491,13260497,13260503,13260509,13260521,13260551,13260601,13260619,13260647,13260649,13260677,13260679,13260701,13260713,13260749,13260787,13260809,13260823,13260847,13260869,13260881,13260913,13260979,13260983,13261009,13261021,13261043,13261051,13261063,13261099,13261103,13261123,13261153,13261169,13261187,13261219,13261231,13261277,13261291,13261307,13261331,13261333,13261349,13261357,13261403,13261421,13261433,13261441,13261453,13261481,13261483,13261499,13261529,13261543,13261553,13261571,13261579,13261621,13261627,13261631,13261667,13261669,13261697,13261723,13261733,13261739,13261741,13261747,13261757,13261771,13261783,13261789,13261813,13261817,13261841,13261847,13261861,13261879,13261889,13261891,13261907,13261999,13262003,13262009,13262027,13262063,13262083,13262107,13262111,13262143,13262149,13262153,13262167,13262173,13262239,13262257,13262269,13262281,13262287,13262297,13262299,13262339,13262369,13262377,13262387,13262419,13262423,13262429,13262453,13262477,13262489,13262497,13262503,13262527,13262573,13262603,13262609,13262611,13262621,13262633,13262659,13262663,13262671,13262677,13262693,13262701,13262719,13262723,13262731,13262747,13262759,13262801,13262807,13262813,13262857,13262861,13262863,13262867,13262891,13262903,13262933,13262957,13263067,13263079,13263113,13263127,13263139,13263143,13263167,13263181,13263191,13263193,13263199,13263227,13263233,13263251,13263331,13263337,13263343,13263359,13263379,13263401,13263407,13263449,13263457,13263487,13263491,13263493,13263529,13263559,13263563,13263611,13263637,13263647,13263659,13263661,13263667,13263703,13263713,13263739,13263743,13263749,13263763,13263773,13263781,13263793,13263821,13263829,13263851,13263853,13263889,13263911,13263931,13263941,13263949,13263977,13263979,13263997,13264003,13264037,13264051,13264061,13264067,13264073,13264091,13264099,13264103,13264127,13264133,13264159,13264171,13264177,13264183,13264189,13264193,13264211,13264219,13264243,13264247,13264259,13264271,13264289,13264297,13264327,13264331,13264333,13264343,13264357,13264379,13264409,13264411,13264417,13264421,13264423,13264441,13264453,13264483,13264499,13264501,13264507,13264519,13264523,13264529,13264547,13264561,13264567,13264579,13264609,13264639,13264663,13264673,13264703,13264711,13264723,13264733,13264747,13264781,13264789,13264799,13264819,13264841,13264871,13264873,13264891,13264921,13264939,13264943,13264949,13264963,13265009,13265033,13265039,13265053,13265081,13265123,13265137,13265149,13265159,13265201,13265207,13265251,13265257,13265261,13265269,13265293,13265333,13265353,13265381,13265419,13265431,13265437,13265459,13265471,13265479,13265507,13265519,13265521,13265533,13265561,13265563,13265579,13265587,13265597,13265599,13265611,13265617,13265621,13265639,13265657,13265663,13265677,13265689,13265699,13265701,13265713,13265723,13265767,13265771,13265773,13265827,13265849,13265851,13265893,13265897,13265911,13265921,13265927,13265929,13265939,13265947,13265951,13265957,13265981,13266007,13266023,13266031,13266041,13266049,13266061,13266089,13266119,13266151,13266163,13266167,13266221,13266229,13266257,13266289,13266301,13266347,13266349,13266353,13266359,13266371,13266397,13266413,13266431,13266433,13266437,13266439,13266467,13266479,13266497,13266527,13266529,13266551,13266553,13266557,13266559,13266569,13266587,13266619,13266623,13266641,13266677,13266691,13266697,13266727,13266751,13266761,13266779,13266793,13266839,13266889,13266901,13266923,13266937,13267031,13267043,13267061,13267063,13267081,13267087,13267097,13267103,13267117,13267147,13267151,13267171,13267193,13267211,13267213,13267223,13267229,13267249,13267277,13267283,13267307,13267321,13267337,13267367,13267379,13267381,13267391,13267393,13267403,13267409,13267427,13267459,13267483,13267493,13267511,13267519,13267523,13267537,13267547,13267601,13267613,13267621,13267627,13267637,13267673,13267691,13267697,13267717,13267729,13267741,13267747,13267759,13267763,13267781,13267801,13267847,13267873,13267879,13267921,13267957,13267963,13267981,13267997,13267999,13268009,13268011,13268063,13268083,13268113,13268117,13268119,13268141,13268149,13268153,13268159,13268173,13268183,13268201,13268231,13268249,13268323,13268329,13268351,13268371,13268393,13268443,13268491,13268509,13268531,13268561,13268609,13268611,13268621,13268623,13268627,13268663,13268683,13268719,13268753,13268767,13268777,13268791,13268803,13268807,13268809,13268813,13268819,13268839,13268851,13268867,13268873,13268887,13268911,13268971,13268989,13269001,13269017,13269029,13269031,13269043,13269059,13269071,13269083,13269089,13269097,13269103,13269143,13269161,13269173,13269203,13269227,13269233,13269247,13269259,13269301,13269317,13269331,13269337,13269371,13269379,13269397,13269407,13269439,13269511,13269521,13269523,13269533,13269539,13269547,13269563,13269577,13269589,13269601,13269629,13269637,13269661,13269679,13269713,13269719,13269727,13269731,13269743,13269761,13269779,13269787,13269793,13269821,13269853,13269857,13269859,13269869,13269871,13269881,13269901,13269941,13269943,13269947,13269959,13269967,13269973,13269983,13270003,13270009,13270021,13270051,13270063,13270067,13270073,13270093,13270097,13270099,13270109,13270129,13270133,13270157,13270163,13270171,13270177,13270181,13270199,13270207,13270253,13270259,13270267,13270277,13270291,13270297,13270307,13270331,13270337,13270343,13270349,13270363,13270373,13270399,13270427,13270441,13270483,13270501,13270513,13270529,13270541,13270547,13270559,13270601,13270613,13270619,13270627,13270637,13270639,13270643,13270651,13270669,13270687,13270711,13270729,13270781,13270799,13270801,13270819,13270843,13270853,13270867,13270903,13270963,13270979,13270997,13271021,13271029,13271039,13271051,13271081,13271117,13271143,13271149,13271171,13271179,13271189,13271191,13271201,13271213,13271227,13271257,13271261,13271263,13271273,13271287,13271309,13271311,13271341,13271351,13271383,13271389,13271393,13271429,13271459,13271471,13271491,13271497,13271507,13271521,13271527,13271537,13271549,13271551,13271593,13271603,13271651,13271663,13271669,13271711,13271723,13271743,13271749,13271761,13271777,13271779,13271801,13271803,13271807,13271809,13271833,13271887,13271891,13271893,13271927,13271939,13271941,13271957,13271969,13271981,13272023,13272029,13272067,13272113,13272143,13272157,13272229,13272253,13272263,13272277,13272293,13272323,13272331,13272341,13272361,13272367,13272383,13272407,13272439,13272443,13272451,13272487,13272491,13272551,13272559,13272577,13272617,13272673,13272689,13272709,13272719,13272757,13272761,13272793,13272797,13272799,13272823,13272827,13272829,13272841,13272859,13272871,13272877,13272881,13272893,13272913,13272943,13272947,13272967,13272977,13272979,13272989,13273003,13273019,13273021,13273031,13273033,13273037,13273049,13273067,13273081,13273087,13273103,13273109,13273133,13273147,13273159,13273181,13273199,13273201,13273207,13273261,13273291,13273297,13273333,13273349,13273361,13273397,13273399,13273427,13273439,13273441,13273451,13273453,13273471,13273483,13273489,13273493,13273511,13273523,13273529,13273537,13273543,13273591,13273607,13273649,13273657,13273669,13273697,13273699,13273703,13273721,13273739,13273751,13273763,13273769,13273781,13273789,13273801,13273807,13273811,13273823,13273849,13273853,13273901,13273933,13273937,13273943,13273969,13273979,13273987,13274011,13274029,13274033,13274047,13274071,13274077,13274081,13274087,13274111,13274137,13274153,13274207,13274213,13274249,13274251,13274267,13274269,13274281,13274311,13274357,13274377,13274383,13274411,13274423,13274477,13274491,13274497,13274533,13274549,13274563,13274567,13274579,13274581,13274593,13274609,13274621,13274629,13274641,13274647,13274669,13274689,13274707,13274717,13274719,13274731,13274747,13274753,13274761,13274791,13274803,13274827,13274839,13274843,13274861,13274867,13274869,13274873,13274879,13274893,13274903,13274957,13274969,13274993,13274999,13275007,13275013,13275019,13275029,13275043,13275047,13275049,13275061,13275077,13275107,13275109,13275121,13275131,13275203,13275211,13275217,13275221,13275253,13275257,13275263,13275277,13275287,13275289,13275299,13275307,13275337,13275343,13275371,13275377,13275389,13275401,13275421,13275481,13275503,13275511,13275523,13275527,13275539,13275551,13275569,13275571,13275607,13275653,13275659,13275683,13275701,13275709,13275721,13275727,13275739,13275749,13275791,13275797,13275803,13275809,13275833,13275869,13275877,13275883,13275901,13275931,13275937,13275947,13275953,13275959,13275961,13275971,13275973,13276001,13276009,13276013,13276033,13276051,13276057,13276069,13276073,13276111,13276127,13276139,13276157,13276163,13276177,13276217,13276261,13276283,13276297,13276301,13276327,13276369,13276399,13276409,13276411,13276423,13276429,13276433,13276469,13276489,13276493,13276511,13276517,13276537,13276547,13276591,13276619,13276631,13276633,13276639,13276651,13276657,13276699,13276717,13276759,13276771,13276777,13276799,13276817,13276831,13276841,13276843,13276849,13276859,13276883,13276891,13276919,13276927,13276933,13276937,13276973,13276987,13276993,13276997,13276999,13277027,13277053,13277057,13277059,13277063,13277101,13277113,13277123,13277129,13277137,13277177,13277179,13277227,13277237,13277267,13277281,13277291,13277311,13277351,13277437,13277471,13277483,13277489,13277513,13277519,13277521,13277533,13277543,13277557,13277567,13277569,13277587,13277623,13277633,13277657,13277659,13277689,13277699,13277711,13277717,13277729,13277743,13277749,13277753,13277791,13277801,13277807,13277843,13277851,13277861,13277879,13277899,13277917,13277921,13277939,13277959,13277963,13277981,13277987,13278011,13278047,13278059,13278073,13278103,13278121,13278157,13278163,13278217,13278229,13278247,13278263,13278289,13278311,13278319,13278329,13278347,13278361,13278367,13278371,13278389,13278401,13278413,13278439,13278493,13278497,13278563,13278569,13278583,13278611,13278619,13278623,13278637,13278667,13278677,13278709,13278719,13278721,13278737,13278791,13278799,13278803,13278821,13278823,13278827,13278841,13278847,13278851,13278869,13278871,13278883,13278899,13278901,13278911,13278913,13278949,13278971,13278973,13278977,13278983,13278997,13279001,13279033,13279061,13279093,13279099,13279109,13279111,13279117,13279127,13279141,13279153,13279163,13279169,13279171,13279181,13279207,13279219,13279223,13279229,13279237,13279241,13279243,13279249,13279267,13279297,13279351,13279373,13279391,13279403,13279429,13279433,13279451,13279463,13279471,13279489,13279529,13279549,13279571,13279583,13279589,13279619,13279621,13279631,13279667,13279681,13279699,13279711,13279729,13279741,13279753,13279757,13279793,13279801,13279807,13279817,13279837,13279843,13279853,13279909,13279913,13279943,13279949,13279951,13279969,13280017,13280021,13280041,13280089,13280093,13280117,13280119,13280123,13280143,13280149,13280153,13280161,13280167,13280191,13280203,13280207,13280209,13280219,13280227,13280237,13280257,13280287,13280291,13280303,13280317,13280321,13280327,13280339,13280353,13280359,13280363,13280401,13280413,13280437,13280441,13280467,13280471,13280483,13280489,13280503,13280573,13280599,13280647,13280651,13280653,13280681,13280693,13280699,13280749,13280759,13280779,13280783,13280789,13280797,13280819,13280831,13280863,13280873,13280881,13280921,13280933,13280951,13280983,13280987,13281001,13281017,13281031,13281041,13281049,13281053,13281071,13281091,13281157,13281167,13281179,13281181,13281193,13281221,13281239,13281241,13281251,13281271,13281283,13281293,13281329,13281371,13281377,13281427,13281451,13281461,13281493,13281497,13281517,13281523,13281553,13281571,13281613,13281617,13281629,13281637,13281647,13281661,13281689,13281691,13281701,13281727,13281731,13281761,13281773,13281781,13281799,13281823,13281889,13281901,13281911,13281941,13281967,13281973,13282019,13282069,13282123,13282163,13282169,13282177,13282187,13282211,13282259,13282267,13282279,13282303,13282327,13282333,13282351,13282361,13282363,13282393,13282403,13282411,13282417,13282439,13282471,13282487,13282513,13282517,13282537,13282541,13282543,13282553,13282579,13282583,13282597,13282603,13282613,13282637,13282649,13282681,13282697,13282723,13282727,13282733,13282747,13282757,13282769,13282853,13282877,13282879,13282897,13282901,13282909,13282921,13282939,13282943,13282949,13282961,13282987,13282991,13283009,13283021,13283027,13283059,13283063,13283077,13283107,13283143,13283191,13283203,13283209,13283227,13283233,13283243,13283267,13283287,13283293,13283317,13283323,13283327,13283329,13283357,13283377,13283399,13283401,13283423,13283447,13283453,13283483,13283509,13283519,13283521,13283539,13283561,13283587,13283597,13283609,13283617,13283639,13283651,13283659,13283663,13283671,13283693,13283707,13283723,13283731,13283747,13283759,13283789,13283833,13283843,13283891,13283917,13283957,13283969,13283971,13283981,13283989,13283993,13284049,13284071,13284083,13284109,13284113,13284121,13284137,13284163,13284181,13284199,13284217,13284223,13284253,13284277,13284281,13284283,13284289,13284307,13284319,13284331,13284343,13284353,13284373,13284379,13284389,13284413,13284419,13284421,13284433,13284437,13284473,13284521,13284529,13284539,13284541,13284577,13284611,13284653,13284671,13284673,13284679,13284707,13284727,13284737,13284751,13284767,13284773,13284787,13284793,13284797,13284809,13284839,13284847,13284863,13284883,13284889,13284899,13284911,13284917,13284923,13284937,13284959,13284967,13284983,13285021,13285031,13285037,13285039,13285057,13285061,13285079,13285091,13285093,13285117,13285147,13285157,13285159,13285163,13285169,13285187,13285213,13285231,13285243,13285253,13285273,13285291,13285319,13285333,13285357,13285361,13285367,13285369,13285379,13285397,13285417,13285423,13285429,13285469,13285477,13285487,13285507,13285511,13285529,13285603,13285621,13285633,13285663,13285709,13285711,13285717,13285757,13285777,13285793,13285817,13285841,13285859,13285871,13285879,13285897,13285903,13285907,13285919,13285931,13285933,13285963,13285981,13285991,13285999,13286003,13286029,13286047,13286057,13286087,13286113,13286131,13286137,13286171,13286177,13286191,13286233,13286239,13286257,13286261,13286267,13286291,13286311,13286323,13286327,13286369,13286389,13286393,13286407,13286417,13286423,13286431,13286447,13286461,13286467,13286473,13286489,13286513,13286519,13286531,13286549,13286561,13286597,13286621,13286627,13286659,13286683,13286701,13286731,13286743,13286771,13286783,13286789,13286813,13286827,13286831,13286839,13286849,13286851,13286857,13286863,13286891,13286927,13286953,13286969,13286983,13286989,13287007,13287049,13287083,13287101,13287119,13287139,13287143,13287151,13287161,13287167,13287173,13287179,13287223,13287227,13287233,13287269,13287277,13287293,13287311,13287317,13287341,13287343,13287347,13287371,13287377,13287383,13287389,13287397,13287451,13287467,13287497,13287503,13287541,13287587,13287607,13287619,13287643,13287697,13287737,13287749,13287779,13287787,13287797,13287811,13287823,13287853,13287877,13287889,13287893,13287913,13287917,13287941,13287947,13287949,13287991,13288007,13288013,13288019,13288021,13288027,13288063,13288103,13288109,13288139,13288153,13288193,13288199,13288207,13288211,13288259,13288307,13288309,13288313,13288343,13288369,13288397,13288399,13288403,13288417,13288421,13288433,13288447,13288481,13288487,13288493,13288507,13288519,13288523,13288529,13288567,13288603,13288609,13288631,13288673,13288697,13288721,13288727,13288741,13288753,13288777,13288783,13288799,13288811,13288813,13288823,13288829,13288837,13288841,13288843,13288853,13288859,13288867,13288889,13288909,13288927,13288937,13288939,13288943,13288967,13288973,13289039,13289071,13289077,13289083,13289119,13289123,13289149,13289183,13289191,13289197,13289209,13289231,13289233,13289281,13289299,13289317,13289321,13289323,13289351,13289357,13289387,13289447,13289449,13289467,13289473,13289477,13289501,13289503,13289509,13289513,13289519,13289543,13289581,13289593,13289599,13289609,13289641,13289663,13289671,13289677,13289701,13289719,13289737,13289741,13289761,13289777,13289779,13289789,13289813,13289827,13289831,13289833,13289839,13289923,13289957,13289977,13289989,13289999,13290001,13290019,13290029,13290037,13290061,13290071,13290083,13290119,13290127,13290157,13290181,13290197,13290217,13290223,13290229,13290239,13290283,13290313,13290317,13290349,13290373,13290383,13290391,13290401,13290421,13290449,13290451,13290461,13290463,13290467,13290491,13290493,13290503,13290523,13290533,13290547,13290647,13290713,13290731,13290751,13290779,13290793,13290799,13290829,13290853,13290887,13290911,13290917,13290973,13290983,13290997,13291001,13291009,13291027,13291049,13291067,13291081,13291087,13291111,13291121,13291139,13291153,13291189,13291199,13291237,13291253,13291261,13291301,13291303,13291337,13291361,13291379,13291381,13291403,13291423,13291427,13291451,13291457,13291471,13291477,13291511,13291519,13291543,13291549,13291561,13291567,13291571,13291589,13291613,13291627,13291651,13291669,13291673,13291699,13291709,13291721,13291753,13291781,13291793,13291819,13291823,13291871,13291891,13291897,13291919,13291921,13291931,13291939,13292009,13292017,13292053,13292057,13292089,13292093,13292099,13292107,13292119,13292173,13292189,13292219,13292269,13292281,13292329,13292333,13292369,13292429,13292437,13292443,13292467,13292473,13292479,13292483,13292491,13292501,13292507,13292557,13292561,13292563,13292567,13292579,13292581,13292593,13292621,13292627,13292639,13292663,13292677,13292687,13292743,13292753,13292779,13292791,13292803,13292819,13292849,13292857,13292863,13292947,13292957,13293019,13293023,13293037,13293043,13293047,13293053,13293083,13293131,13293157,13293169,13293187,13293199,13293209,13293239,13293257,13293271,13293289,13293299,13293311,13293341,13293353,13293361,13293377,13293383,13293391,13293421,13293431,13293443,13293463,13293479,13293481,13293509,13293523,13293557,13293611,13293617,13293641,13293649,13293653,13293667,13293689,13293691,13293719,13293733,13293739,13293773,13293817,13293851,13293853,13293877,13293887,13293893,13293971,13293991,13294003,13294013,13294031,13294037,13294067,13294081,13294087,13294097,13294109,13294121,13294123,13294139,13294147,13294163,13294189,13294219,13294231,13294241,13294247,13294271,13294301,13294321,13294349,13294367,13294397,13294409,13294417,13294423,13294469,13294481,13294511,13294513,13294549,13294559,13294577,13294579,13294583,13294597,13294601,13294607,13294627,13294637,13294639,13294651,13294669,13294681,13294727,13294733,13294739,13294751,13294763,13294781,13294811,13294817,13294819,13294829,13294837,13294849,13294859,13294861,13294871,13294903,13294949,13294961,13294973,13294999,13295027,13295077,13295083,13295101,13295123,13295131,13295141,13295143,13295159,13295179,13295221,13295239,13295251,13295257,13295263,13295273,13295287,13295291,13295327,13295329,13295351,13295353,13295393,13295423,13295437,13295441,13295453,13295507,13295519,13295533,13295537,13295551,13295567,13295599,13295627,13295629,13295641,13295647,13295657,13295663,13295669,13295671,13295677,13295707,13295719,13295731,13295749,13295753,13295761,13295773,13295791,13295797,13295803,13295851,13295857,13295873,13295879,13295897,13295899,13295911,13295981,13295983,13296053,13296089,13296097,13296113,13296119,13296133,13296149,13296161,13296169,13296187,13296191,13296203,13296221,13296251,13296289,13296301,13296307,13296317,13296337,13296343,13296377,13296379,13296389,13296407,13296419,13296421,13296433,13296449,13296463,13296473,13296509,13296527,13296539,13296541,13296557,13296559,13296571,13296581,13296593,13296617,13296641,13296649,13296697,13296709,13296749,13296757,13296763,13296769,13296791,13296793,13296797,13296851,13296859,13296863,13296869,13296883,13296917,13296919,13296929,13296937,13296947,13296971,13296973,13297003,13297033,13297057,13297061,13297069,13297073,13297087,13297103,13297129,13297133,13297139,13297147,13297153,13297159,13297177,13297183,13297231,13297241,13297253,13297259,13297279,13297301,13297307,13297331,13297367,13297369,13297391,13297409,13297411,13297441,13297469,13297499,13297523,13297547,13297567,13297577,13297589,13297591,13297601,13297619,13297681,13297717,13297733,13297741,13297759,13297769,13297771,13297783,13297787,13297813,13297819,13297829,13297831,13297847,13297849,13297861,13297871,13297873,13297877,13297897,13297903,13297909,13297913,13297931,13297937,13297943,13297969,13297987,13297997,13298003,13298017,13298041,13298053,13298083,13298107,13298111,13298123,13298147,13298171,13298189,13298221,13298237,13298239,13298249,13298261,13298273,13298323,13298333,13298353,13298359,13298381,13298387,13298401,13298407,13298413,13298449,13298459,13298479,13298489,13298497,13298521,13298533,13298543,13298557,13298561,13298563,13298599,13298611,13298633,13298657,13298687,13298699,13298723,13298737,13298741,13298767,13298773,13298809,13298821,13298833,13298837,13298839,13298843,13298851,13298861,13298867,13298881,13298891,13298893,13298903,13298927,13298951,13298953,13298959,13298963,13299017,13299043,13299061,13299071,13299089,13299109,13299113,13299127,13299133,13299149,13299179,13299191,13299203,13299227,13299229,13299239,13299263,13299269,13299271,13299277,13299301,13299329,13299331,13299353,13299361,13299383,13299401,13299409,13299421,13299431,13299439,13299443,13299467,13299553,13299557,13299569,13299577,13299581,13299617,13299619,13299641,13299653,13299679,13299691,13299697,13299707,13299751,13299757,13299809,13299817,13299827,13299833,13299851,13299859,13299877,13299883,13299907,13299931,13299947,13299953,13299959,13299971,13299973,13299989,13299991,13300039,13300043,13300051,13300087,13300093,13300099,13300117,13300121,13300129,13300139,13300153,13300159,13300181,13300219,13300223,13300253,13300267,13300283,13300291,13300319,13300327,13300337,13300351,13300363,13300367,13300471,13300481,13300487,13300517,13300541,13300559,13300571,13300607,13300619,13300621,13300633,13300657,13300697,13300711,13300733,13300747,13300753,13300787,13300799,13300811,13300813,13300841,13300843,13300853,13300873,13300897,13300909,13300913,13300921,13300949,13300967,13300979,13300997,13301017,13301023,13301033,13301051,13301129,13301131,13301143,13301177,13301203,13301209,13301213,13301219,13301221,13301269,13301279,13301287,13301341,13301369,13301371,13301377,13301381,13301417,13301447,13301473,13301479,13301489,13301503,13301543,13301557,13301591,13301593,13301621,13301623,13301627,13301641,13301683,13301689,13301699,13301713,13301719,13301723,13301731,13301747,13301773,13301777,13301789,13301791,13301809,13301819,13301831,13301857,13301861,13301863,13301867,13301879,13301891,13301909,13301947,13301971,13301983,13301989,13302011,13302019,13302049,13302053,13302061,13302067,13302077,13302083,13302089,13302101,13302103,13302127,13302137,13302151,13302167,13302169,13302181,13302197,13302217,13302221,13302227,13302229,13302239,13302241,13302281,13302283,13302287,13302293,13302301,13302307,13302323,13302383,13302389,13302391,13302461,13302467,13302479,13302481,13302511,13302529,13302547,13302581,13302599,13302607,13302613,13302623,13302637,13302643,13302683,13302691,13302703,13302733,13302797,13302799,13302827,13302829,13302853,13302899,13302923,13302973,13303001,13303033,13303049,13303067,13303093,13303109,13303117,13303133,13303139,13303153,13303183,13303187,13303189,13303193,13303207,13303219,13303237,13303243,13303253,13303271,13303289,13303321,13303327,13303331,13303343,13303351,13303357,13303369,13303391,13303399,13303403,13303471,13303481,13303487,13303501,13303513,13303519,13303523,13303529,13303541,13303561,13303567,13303573,13303579,13303597,13303613,13303621,13303643,13303649,13303651,13303687,13303691,13303699,13303711,13303751,13303783,13303799,13303811,13303861,13303891,13303907,13303931,13303937,13303943,13303951,13303963,13303973,13304003,13304029,13304041,13304063,13304077,13304099,13304101,13304111,13304129,13304141,13304147,13304171,13304191,13304197,13304231,13304233,13304267,13304293,13304297,13304299,13304303,13304383,13304411,13304429,13304443,13304453,13304461,13304479,13304483,13304509,13304513,13304519,13304561,13304569,13304573,13304581,13304593,13304639,13304653,13304689,13304717,13304729,13304737,13304743,13304747,13304801,13304803,13304843,13304857,13304861,13304873,13304909,13304917,13304947,13304957,13304969,13304981,13304987,13304989,13305001,13305007,13305013,13305041,13305077,13305079,13305091,13305119,13305133,13305157,13305161,13305167,13305181,13305191,13305209,13305211,13305221,13305223,13305239,13305241,13305307,13305319,13305323,13305349,13305353,13305359,13305367,13305389,13305421,13305427,13305451,13305469,13305473,13305499,13305511,13305517,13305563,13305583,13305601,13305641,13305659,13305671,13305673,13305697,13305709,13305749,13305779,13305793,13305797,13305821,13305827,13305839,13305881,13305893,13305899,13305953,13305961,13305973,13305989,13306031,13306057,13306079,13306081,13306091,13306103,13306129,13306151,13306159,13306219,13306229,13306243,13306247,13306253,13306277,13306283,13306303,13306313,13306361,13306369,13306373,13306379,13306411,13306417,13306429,13306439,13306453,13306457,13306459,13306481,13306483,13306487,13306493,13306507,13306537,13306543,13306549,13306583,13306589,13306603,13306613,13306619,13306637,13306661,13306663,13306691,13306747,13306753,13306793,13306807,13306819,13306847,13306873,13306877,13306883,13306901,13306907,13306921,13306957,13306963,13306981,13306991,13306999,13307003,13307009,13307017,13307051,13307057,13307059,13307093,13307113,13307123,13307131,13307149,13307171,13307183,13307197,13307207,13307227,13307237,13307249,13307263,13307299,13307321,13307323,13307341,13307347,13307381,13307387,13307417,13307423,13307431,13307449,13307453,13307461,13307507,13307557,13307561,13307563,13307579,13307599,13307603,13307621,13307641,13307647,13307669,13307677,13307689,13307737,13307761,13307803,13307807,13307813,13307843,13307849,13307851,13307857,13307867,13307887,13307891,13307893,13307927,13307933,13307939,13307947,13307951,13307989,13307993,13308017,13308019,13308041,13308047,13308077,13308089,13308091,13308107,13308121,13308131,13308133,13308157,13308167,13308173,13308179,13308181,13308193,13308221,13308223,13308241,13308257,13308289,13308293,13308301,13308319,13308343,13308377,13308389,13308391,13308409,13308439,13308443,13308479,13308481,13308511,13308541,13308583,13308587,13308599,13308601,13308613,13308619,13308643,13308649,13308653,13308667,13308677,13308707,13308719,13308751,13308761,13308803,13308839,13308847,13308851,13308853,13308899,13308907,13308917,13308923,13308929,13308931,13308959,13308961,13308979,13308991,13309001,13309007,13309031,13309061,13309067,13309091,13309097,13309099,13309151,13309169,13309213,13309217,13309229,13309243,13309271,13309277,13309301,13309337,13309339,13309357,13309363,13309369,13309393,13309411,13309421,13309423,13309427,13309441,13309451,13309493,13309501,13309511,13309523,13309547,13309553,13309559,13309561,13309567,13309577,13309607,13309609,13309613,13309619,13309627,13309643,13309649,13309693,13309697,13309729,13309739,13309771,13309817,13309853,13309889,13309897,13309913,13309949,13309951,13309957,13309991,13310009,13310053,13310081,13310093,13310107,13310113,13310131,13310147,13310207,13310221,13310233,13310237,13310239,13310251,13310257,13310267,13310273,13310293,13310321,13310327,13310351,13310359,13310369,13310387,13310411,13310443,13310467,13310471,13310483,13310533,13310543,13310569,13310603,13310611,13310641,13310653,13310657,13310663,13310669,13310701,13310719,13310741,13310807,13310819,13310827,13310831,13310833,13310837,13310839,13310851,13310863,13310879,13310909,13310939,13310989,13311007,13311031,13311047,13311073,13311097,13311113,13311127,13311143,13311161,13311169,13311217,13311223,13311239,13311269,13311271,13311281,13311301,13311313,13311317,13311349,13311367,13311371,13311383,13311409,13311413,13311433,13311437,13311443,13311449,13311451,13311469,13311479,13311491,13311509,13311517,13311547,13311563,13311569,13311581,13311587,13311589,13311611,13311619,13311637,13311643,13311653,13311659,13311671,13311677,13311689,13311691,13311703,13311709,13311751,13311773,13311787,13311817,13311821,13311853,13311863,13311887,13311911,13311929,13311937,13311943,13311973,13312001,13312021,13312031,13312043,13312067,13312081,13312087,13312093,13312109,13312129,13312133,13312151,13312181,13312199,13312231,13312253,13312261,13312283,13312303,13312307,13312319,13312349,13312379,13312391,13312399,13312433,13312451,13312463,13312471,13312477,13312493,13312517,13312529,13312553,13312589,13312591,13312633,13312657,13312681,13312693,13312723,13312727,13312753,13312777,13312781,13312801,13312807,13312811,13312813,13312841,13312879,13312889,13312903,13312909,13312913,13312927,13312931,13312963,13312979,13312993,13313011,13313033,13313039,13313071,13313077,13313087,13313089,13313107,13313141,13313143,13313147,13313161,13313171,13313177,13313191,13313203,13313207,13313221,13313257,13313263,13313269,13313309,13313327,13313341,13313383,13313393,13313411,13313429,13313453,13313459,13313491,13313507,13313513,13313543,13313557,13313569,13313591,13313593,13313603,13313609,13313611,13313647,13313681,13313687,13313693,13313701,13313717,13313731,13313743,13313749,13313753,13313761,13313767,13313779,13313801,13313809,13313827,13313843,13313857,13313863,13313879,13313893,13313899,13313917,13313933,13313939,13313977,13313983,13314029,13314073,13314109,13314121,13314131,13314139,13314143,13314149,13314151,13314163,13314181,13314239,13314271,13314293,13314341,13314347,13314361,13314373,13314377,13314437,13314439,13314443,13314449,13314461,13314473,13314481,13314503,13314517,13314571,13314577,13314617,13314641,13314643,13314647,13314659,13314673,13314703,13314751,13314761,13314767,13314773,13314781,13314787,13314803,13314809,13314811,13314823,13314827,13314853,13314863,13314869,13314881,13314911,13314919,13314941,13314979,13314989,13314997,13315007,13315021,13315039,13315051,13315069,13315103,13315117,13315121,13315123,13315177,13315189,13315193,13315223,13315249,13315259,13315271,13315277,13315319,13315343,13315361,13315373,13315387,13315439,13315453,13315457,13315469,13315483,13315499,13315501,13315541,13315543,13315559,13315567,13315579,13315583,13315613,13315619,13315639,13315657,13315661,13315691,13315697,13315699,13315703,13315723,13315741,13315787,13315793,13315817,13315831,13315849,13315867,13315871,13315889,13315891,13315909,13315921,13315931,13315933,13315937,13315961,13315963,13315969,13315987,13316027,13316029,13316053,13316059,13316071,13316089,13316099,13316101,13316113,13316119,13316129,13316141,13316153,13316159,13316167,13316179,13316209,13316213,13316231,13316243,13316273,13316297,13316311,13316323,13316341,13316353,13316371,13316377,13316383,13316399,13316417,13316419,13316449,13316467,13316489,13316497,13316503,13316507,13316509,13316521,13316551,13316573,13316591,13316623,13316647,13316657,13316671,13316683,13316687,13316717,13316731,13316783,13316791,13316801,13316867,13316873,13316893,13316911,13316917,13316921,13316957,13316959,13316993,13316999,13317013,13317019,13317041,13317047,13317049,13317071,13317079,13317089,13317091,13317097,13317107,13317127,13317133,13317191,13317203,13317217,13317277,13317287,13317323,13317349,13317361,13317371,13317377,13317379,13317407,13317413,13317457,13317503,13317533,13317547,13317553,13317587,13317593,13317607,13317617,13317649,13317671,13317673,13317679,13317709,13317719,13317721,13317751,13317761,13317763,13317767,13317793,13317827,13317847,13317859,13317869,13317881,13317923,13317929,13317937,13317959,13317971,13317977,13317979,13318001,13318009,13318013,13318027,13318033,13318043,13318051,13318073,13318079,13318091,13318093,13318099,13318103,13318111,13318133,13318139,13318141,13318147,13318171,13318177,13318199,13318213,13318223,13318231,13318271,13318273,13318301,13318307,13318309,13318321,13318367,13318369,13318379,13318381,13318387,13318421,13318441,13318451,13318457,13318471,13318477,13318493,13318507,13318549,13318553,13318573,13318589,13318597,13318603,13318607,13318619,13318649,13318661,13318693,13318699,13318703,13318709,13318757,13318763,13318783,13318787,13318793,13318807,13318843,13318849,13318873,13318883,13318889,13318897,13318913,13318919,13318951,13318957,13318969,13319017,13319027,13319029,13319051,13319063,13319071,13319077,13319081,13319101,13319107,13319113,13319129,13319203,13319213,13319221,13319227,13319233,13319249,13319261,13319263,13319281,13319287,13319291,13319303,13319311,13319351,13319353,13319359,13319363,13319431,13319447,13319503,13319521,13319549,13319561,13319573,13319587,13319597,13319611,13319623,13319639,13319641,13319689,13319707,13319743,13319759,13319773,13319791,13319827,13319833,13319837,13319843,13319869,13319881,13319897,13319939,13319947,13319951,13319989,13320001,13320011,13320029,13320071,13320103,13320113,13320157,13320169,13320191,13320217,13320221,13320233,13320247,13320257,13320271,13320301,13320313,13320343,13320353,13320361,13320389,13320397,13320409,13320431,13320443,13320457,13320467,13320479,13320491,13320493,13320521,13320533,13320551,13320557,13320589,13320617,13320677,13320679,13320683,13320709,13320733,13320737,13320757,13320761,13320763,13320799,13320817,13320829,13320833,13320847,13320863,13320869,13320883,13320893,13320899,13320953,13320959,13320971,13320977,13321003,13321027,13321051,13321097,13321111,13321127,13321129,13321151,13321169,13321171,13321181,13321211,13321219,13321229,13321279,13321283,13321303,13321307,13321313,13321327,13321331,13321339,13321349,13321361,13321379,13321397,13321403,13321447,13321459,13321463,13321481,13321493,13321507,13321513,13321559,13321579,13321589,13321619,13321639,13321663,13321667,13321699,13321741,13321747,13321751,13321823,13321837,13321877,13321879,13321927,13321937,13321951,13321967,13321981,13321993,13322003,13322011,13322041,13322047,13322063,13322069,13322087,13322093,13322117,13322119,13322137,13322147,13322167,13322189,13322207,13322209,13322233,13322263,13322273,13322299,13322311,13322341,13322381,13322383,13322399,13322429,13322431,13322437,13322447,13322471,13322473,13322483,13322489,13322501,13322503,13322527,13322531,13322539,13322563,13322593,13322609,13322633,13322651,13322657,13322669,13322671,13322711,13322717,13322753,13322767,13322779,13322807,13322821,13322843,13322873,13322887,13322893,13322927,13322993,13323001,13323041,13323059,13323061,13323067,13323103,13323109,13323119,13323127,13323169,13323181,13323197,13323217,13323227,13323251,13323253,13323259,13323263,13323269,13323283,13323287,13323337,13323341,13323347,13323377,13323403,13323407,13323413,13323433,13323451,13323467,13323481,13323517,13323523,13323539,13323571,13323577,13323641,13323643,13323649,13323683,13323689,13323691,13323703,13323719,13323721,13323749,13323757,13323809,13323841,13323853,13323859,13323881,13323901,13323913,13323917,13323929,13323979,13323991,13324007,13324013,13324019,13324043,13324049,13324063,13324067,13324099,13324127,13324133,13324151,13324189,13324193,13324217,13324231,13324247,13324271,13324309,13324319,13324361,13324397,13324469,13324523,13324537,13324541,13324559,13324561,13324573,13324579,13324589,13324609,13324639,13324687,13324741,13324769,13324789,13324819,13324849,13324853,13324859,13324867,13324873,13324879,13324907,13324931,13324937,13324943,13324999,13325021,13325029,13325051,13325057,13325063,13325083,13325089,13325107,13325113,13325129,13325149,13325159,13325171,13325173,13325203,13325231,13325243,13325293,13325311,13325329,13325357,13325363,13325383,13325387,13325407,13325437,13325449,13325461,13325489,13325491,13325519,13325527,13325531,13325537,13325539,13325549,13325561,13325573,13325591,13325623,13325677,13325687,13325699,13325701,13325759,13325797,13325801,13325803,13325813,13325827,13325833,13325869,13325891,13325903,13325911,13325927,13325929,13325941,13325951,13325971,13326029,13326043,13326067,13326091,13326097,13326119,13326133,13326139,13326149,13326169,13326191,13326199,13326211,13326217,13326251,13326263,13326281,13326289,13326301,13326307,13326323,13326329,13326331,13326337,13326359,13326377,13326403,13326409,13326413,13326463,13326493,13326503,13326527,13326553,13326557,13326571,13326587,13326611,13326613,13326653,13326671,13326679,13326701,13326707,13326713,13326721,13326727,13326737,13326739,13326749,13326787,13326791,13326799,13326811,13326829,13326857,13326877,13326941,13326983,13327001,13327021,13327057,13327079,13327081,13327123,13327129,13327159,13327169,13327183,13327187,13327243,13327261,13327267,13327271,13327297,13327343,13327361,13327381,13327387,13327399,13327403,13327409,13327421,13327423,13327469,13327471,13327477,13327499,13327513,13327543,13327577,13327579,13327591,13327619,13327621,13327637,13327651,13327669,13327679,13327681,13327697,13327709,13327723,13327739,13327753,13327777,13327781,13327793,13327801,13327823,13327843,13327877,13327889,13327903,13327913,13327921,13327927,13327933,13327939,13327957,13327967,13327969,13327973,13327999,13328009,13328033,13328053,13328087,13328089,13328129,13328131,13328137,13328141,13328149,13328167,13328179,13328207,13328209,13328261,13328279,13328309,13328353,13328417,13328449,13328461,13328467,13328489,13328507,13328521,13328537,13328563,13328573,13328587,13328591,13328597,13328611,13328641,13328657,13328701,13328713,13328717,13328723,13328741,13328761,13328797,13328803,13328827,13328831,13328837,13328873,13328879,13328881,13328897,13328911,13328929,13328941,13328947,13328971,13328981,13328993,13329007,13329079,13329083,13329091,13329109,13329137,13329157,13329179,13329187,13329191,13329229,13329257,13329271,13329301,13329313,13329347,13329353,13329359,13329409,13329413,13329451,13329461,13329467,13329487,13329497,13329521,13329557,13329559,13329571,13329577,13329587,13329599,13329601,13329637,13329653,13329661,13329671,13329691,13329703,13329707,13329709,13329713,13329733,13329761,13329769,13329779,13329803,13329817,13329829,13329847,13329859,13329889,13329913,13329917,13329919,13329923,13329971,13329973,13329983,13329991,13329997,13330007,13330061,13330063,13330073,13330099,13330117,13330127,13330139,13330171,13330181,13330199,13330231,13330241,13330243,13330259,13330277,13330297,13330307,13330349,13330351,13330367,13330379,13330423,13330439,13330451,13330477,13330483,13330487,13330489,13330523,13330529,13330531,13330553,13330561,13330573,13330579,13330627,13330631,13330643,13330649,13330661,13330679,13330711,13330721,13330727,13330729,13330739,13330741,13330763,13330787,13330813,13330829,13330843,13330853,13330897,13330909,13330927,13330943,13330957,13330969,13330973,13330987,13331011,13331047,13331069,13331093,13331107,13331117,13331119,13331167,13331189,13331203,13331231,13331239,13331251,13331287,13331291,13331299,13331309,13331411,13331429,13331431,13331441,13331447,13331453,13331471,13331473,13331501,13331509,13331531,13331533,13331557,13331569,13331573,13331623,13331641,13331663,13331671,13331701,13331707,13331737,13331753,13331761,13331797,13331809,13331819,13331821,13331831,13331833,13331839,13331867,13331873,13331887,13331897,13331911,13331921,13331957,13331963,13331987,13331999,13332013,13332017,13332023,13332037,13332043,13332049,13332071,13332103,13332113,13332169,13332181,13332191,13332211,13332223,13332251,13332269,13332311,13332313,13332317,13332323,13332329,13332337,13332353,13332401,13332409,13332427,13332439,13332481,13332491,13332499,13332533,13332551,13332563,13332577,13332589,13332601,13332611,13332619,13332637,13332653,13332659,13332677,13332679,13332689,13332701,13332713,13332719,13332727,13332769,13332773,13332791,13332797,13332817,13332829,13332833,13332857,13332859,13332863,13332887,13332899,13332919,13332923,13332973,13333039,13333057,13333081,13333091,13333097,13333121,13333147,13333153,13333171,13333181,13333183,13333189,13333211,13333213,13333217,13333223,13333249,13333259,13333267,13333273,13333291,13333339,13333343,13333361,13333373,13333381,13333387,13333391,13333403,13333409,13333427,13333429,13333433,13333499,13333501,13333511,13333513,13333517,13333543,13333553,13333561,13333577,13333589,13333601,13333613,13333633,13333657,13333679,13333681,13333693,13333709,13333711,13333739,13333757,13333787,13333811,13333829,13333841,13333849,13333883,13333909,13333921,13333973,13333981,13334011,13334017,13334021,13334053,13334081,13334093,13334099,13334117,13334129,13334147,13334179,13334197,13334201,13334203,13334221,13334231,13334249,13334261,13334263,13334267,13334281,13334291,13334303,13334311,13334317,13334327,13334329,13334351,13334381,13334383,13334401,13334423,13334437,13334459,13334473,13334479,13334491,13334507,13334513,13334521,13334533,13334537,13334543,13334551,13334569,13334593,13334597,13334609,13334611,13334623,13334653,13334663,13334683,13334701,13334719,13334801,13334807,13334819,13334821,13334831,13334843,13334857,13334861,13334897,13334921,13334927,13334939,13334957,13334969,13334977,13334999,13335001,13335011,13335019,13335037,13335043,13335061,13335067,13335083,13335103,13335107,13335139,13335151,13335167,13335181,13335197,13335247,13335251,13335299,13335319,13335323,13335337,13335349,13335353,13335367,13335391,13335401,13335403,13335419,13335431,13335449,13335457,13335481,13335499,13335529,13335533,13335541,13335551,13335559,13335601,13335617,13335631,13335643,13335661,13335683,13335689,13335727,13335743,13335757,13335779,13335787,13335793,13335821,13335841,13335857,13335893,13335901,13335919,13335923,13335943,13335989,13335997,13336031,13336049,13336061,13336073,13336079,13336093,13336117,13336153,13336163,13336187,13336199,13336207,13336241,13336249,13336277,13336291,13336307,13336319,13336327,13336331,13336333,13336339,13336363,13336399,13336429,13336441,13336447,13336451,13336457,13336459,13336469,13336487,13336489,13336511,13336529,13336559,13336567,13336571,13336577,13336591,13336597,13336621,13336643,13336649,13336657,13336669,13336681,13336691,13336709,13336759,13336769,13336783,13336811,13336831,13336871,13336919,13336927,13336933,13336937,13336943,13336951,13336963,13337003,13337011,13337039,13337047,13337059,13337083,13337113,13337117,13337119,13337123,13337167,13337201,13337213,13337239,13337249,13337251,13337257,13337281,13337293,13337329,13337351,13337369,13337371,13337381,13337383,13337393,13337431,13337453,13337473,13337479,13337483,13337497,13337509,13337531,13337543,13337551,13337561,13337579,13337581,13337591,13337603,13337617,13337627,13337671,13337683,13337713,13337747,13337759,13337773,13337777,13337803,13337837,13337887,13337893,13337917,13337923,13337939,13337957,13337969,13338007,13338011,13338053,13338067,13338089,13338109,13338119,13338151,13338197,13338203,13338223,13338253,13338257,13338313,13338317,13338329,13338343,13338379,13338419,13338449,13338461,13338467,13338469,13338499,13338503,13338527,13338529,13338539,13338541,13338547,13338581,13338583,13338593,13338599,13338601,13338607,13338613,13338617,13338631,13338641,13338667,13338671,13338707,13338719,13338733,13338737,13338739,13338749,13338751,13338757,13338763,13338799,13338821,13338823,13338839,13338851,13338883,13338889,13338911,13338943,13338953,13338961,13338971,13338973,13338977,13338979,13338989,13338991,13339009,13339031,13339037,13339049,13339091,13339099,13339127,13339177,13339181,13339187,13339213,13339219,13339223,13339243,13339247,13339253,13339283,13339289,13339301,13339321,13339357,13339397,13339421,13339429,13339531,13339549,13339559,13339561,13339619,13339621,13339639,13339643,13339649,13339709,13339727,13339751,13339759,13339769,13339783,13339789,13339811,13339831,13339873,13339891,13339927,13339961,13339973,13339987,13339999,13340003,13340021,13340027,13340111,13340113,13340143,13340167,13340179,13340209,13340213,13340221,13340231,13340233,13340269,13340279,13340281,13340309,13340351,13340357,13340407,13340423,13340443,13340473,13340479,13340491,13340497,13340501,13340513,13340521,13340533,13340543,13340567,13340581,13340599,13340623,13340627,13340659,13340669,13340671,13340681,13340689,13340711,13340729,13340737,13340753,13340791,13340807,13340813,13340849,13340861,13340863,13340891,13340911,13340917,13340927,13340933,13340941,13340947,13340953,13340959,13340981,13340993,13341007,13341019,13341043,13341071,13341077,13341079,13341101,13341103,13341121,13341143,13341149,13341161,13341187,13341193,13341199,13341217,13341221,13341227,13341239,13341259,13341269,13341271,13341301,13341313,13341323,13341331,13341353,13341409,13341437,13341457,13341473,13341499,13341521,13341529,13341577,13341613,13341619,13341631,13341659,13341673,13341683,13341689,13341701,13341721,13341733,13341751,13341791,13341829,13341869,13341871,13341893,13341919,13341929,13341931,13341947,13341949,13341953,13341959,13341961,13341967,13341973,13342003,13342013,13342027,13342033,13342037,13342057,13342067,13342099,13342111,13342129,13342157,13342159,13342181,13342187,13342207,13342243,13342267,13342309,13342337,13342361,13342387,13342393,13342397,13342421,13342423,13342453,13342457,13342463,13342477,13342487,13342489,13342529,13342531,13342543,13342561,13342597,13342621,13342627,13342643,13342649,13342661,13342699,13342709,13342711,13342727,13342729,13342733,13342757,13342781,13342789,13342853,13342859,13342873,13342891,13342897,13342907,13342937,13342949,13342951,13342963,13343023,13343039,13343041,13343053,13343063,13343087,13343123,13343129,13343137,13343173,13343177,13343189,13343203,13343233,13343257,13343269,13343293,13343303,13343311,13343321,13343353,13343357,13343359,13343371,13343387,13343431,13343443,13343483,13343489,13343497,13343507,13343531,13343549,13343557,13343563,13343579,13343581,13343621,13343647,13343731,13343747,13343767,13343773,13343777,13343779,13343789,13343797,13343809,13343843,13343849,13343873,13343879,13343881,13343899,13343903,13343917,13343927,13343951,13343977,13343987,13344007,13344011,13344029,13344041,13344047,13344073,13344101,13344109,13344113,13344131,13344157,13344169,13344173,13344203,13344217,13344223,13344239,13344241,13344259,13344277,13344307,13344313,13344341,13344367,13344377,13344391,13344407,13344427,13344431,13344433,13344449,13344451,13344467,13344481,13344493,13344497,13344503,13344511,13344523,13344533,13344559,13344563,13344613,13344637,13344641,13344671,13344673,13344689,13344703,13344739,13344743,13344763,13344767,13344769,13344781,13344791,13344809,13344811,13344829,13344871,13344907,13344913,13344931,13344943,13344953,13344997,13345001,13345009,13345027,13345063,13345069,13345081,13345109,13345169,13345177,13345181,13345183,13345193,13345207,13345217,13345223,13345237,13345253,13345301,13345303,13345331,13345337,13345369,13345379,13345399,13345403,13345421,13345427,13345439,13345463,13345477,13345499,13345511,13345513,13345571,13345573,13345613,13345621,13345643,13345649,13345667,13345679,13345687,13345721,13345723,13345747,13345751,13345769,13345793,13345811,13345823,13345831,13345853,13345861,13345873,13345879,13345883,13345889,13345987,13345991,13346009,13346051,13346057,13346059,13346077,13346087,13346101,13346107,13346117,13346147,13346153,13346161,13346209,13346219,13346237,13346239,13346243,13346257,13346299,13346321,13346323,13346353,13346357,13346369,13346429,13346441,13346471,13346491,13346519,13346527,13346533,13346539,13346549,13346551,13346561,13346573,13346579,13346609,13346611,13346653,13346681,13346687,13346719,13346737,13346741,13346747,13346761,13346779,13346783,13346789,13346857,13346863,13346867,13346881,13346903,13347031,13347053,13347067,13347083,13347097,13347109,13347127,13347133,13347151,13347161,13347203,13347223,13347233,13347239,13347277,13347281,13347289,13347293,13347307,13347311,13347331,13347353,13347371,13347379,13347401,13347407,13347409,13347413,13347421,13347437,13347463,13347473,13347487,13347547,13347583,13347589,13347611,13347617,13347619,13347623,13347637,13347641,13347643,13347647,13347661,13347683,13347689,13347707,13347727,13347731,13347739,13347767,13347769,13347791,13347833,13347847,13347863,13347877,13347883,13347913,13347923,13347967,13347991,13348003,13348007,13348019,13348057,13348067,13348099,13348109,13348117,13348121,13348133,13348151,13348163,13348177,13348187,13348193,13348199,13348271,13348273,13348277,13348327,13348333,13348339,13348367,13348369,13348373,13348397,13348399,13348403,13348427,13348429,13348457,13348471,13348547,13348591,13348609,13348627,13348637,13348649,13348651,13348661,13348669,13348679,13348681,13348733,13348771,13348793,13348831,13348847,13348861,13348873,13348939,13348943,13348949,13348969,13348981,13348991,13348997,13349009,13349027,13349041,13349047,13349087,13349093,13349099,13349107,13349111,13349123,13349129,13349159,13349173,13349197,13349209,13349227,13349243,13349249,13349257,13349261,13349263,13349327,13349359,13349389,13349411,13349443,13349503,13349509,13349513,13349519,13349527,13349569,13349579,13349593,13349597,13349621,13349627,13349629,13349639,13349653,13349659,13349669,13349671,13349681,13349689,13349701,13349741,13349767,13349771,13349779,13349783,13349801,13349807,13349827,13349849,13349851,13349857,13349893,13349899,13349929,13349939,13349957,13349971,13349983,13350019,13350023,13350031,13350037,13350041,13350053,13350101,13350109,13350137,13350149,13350157,13350163,13350187,13350191,13350193,13350203,13350221,13350241,13350247,13350263,13350269,13350307,13350317,13350319,13350349,13350361,13350371,13350383,13350391,13350409,13350413,13350427,13350433,13350437,13350473,13350479,13350499,13350503,13350517,13350529,13350581,13350607,13350613,13350619,13350637,13350641,13350671,13350703,13350719,13350721,13350731,13350737,13350767,13350791,13350793,13350803,13350823,13350829,13350877,13350881,13350913,13350923,13350949,13350973,13350989,13351031,13351057,13351067,13351081,13351097,13351099,13351181,13351193,13351213,13351229,13351241,13351249,13351259,13351267,13351271,13351279,13351333,13351343,13351361,13351379,13351381,13351391,13351399,13351439,13351441,13351451,13351453,13351537,13351549,13351573,13351589,13351631,13351633,13351643,13351649,13351673,13351697,13351733,13351747,13351757,13351769,13351771,13351777,13351823,13351829,13351831,13351837,13351853,13351867,13351879,13351903,13351907,13351909,13351939,13351951,13351981,13351991,13352023,13352051,13352057,13352063,13352071,13352077,13352081,13352111,13352137,13352149,13352159,13352161,13352197,13352203,13352219,13352233,13352239,13352243,13352249,13352257,13352263,13352279,13352299,13352359,13352369,13352377,13352387,13352389,13352393,13352401,13352411,13352491,13352509,13352513,13352519,13352533,13352539,13352543,13352567,13352587,13352621,13352629,13352639,13352641,13352663,13352681,13352711,13352737,13352743,13352753,13352777,13352783,13352831,13352869,13352881,13352897,13352929,13352959,13352981,13352987,13353013,13353019,13353047,13353049,13353071,13353073,13353077,13353101,13353103,13353107,13353113,13353121,13353127,13353139,13353149,13353163,13353173,13353209,13353227,13353247,13353259,13353269,13353283,13353359,13353367,13353377,13353391,13353397,13353419,13353421,13353437,13353443,13353479,13353491,13353539,13353541,13353563,13353581,13353583,13353611,13353617,13353629,13353643,13353661,13353667,13353679,13353719,13353733,13353749,13353757,13353803,13353811,13353829,13353859,13353877,13353881,13353887,13353913,13353931,13353943,13353947,13353973,13353983,13354013,13354031,13354057,13354073,13354091,13354097,13354111,13354139,13354171,13354189,13354199,13354217,13354219,13354261,13354277,13354279,13354291,13354301,13354307,13354331,13354387,13354399,13354403,13354409,13354417,13354457,13354477,13354483,13354493,13354499,13354501,13354531,13354567,13354573,13354589,13354597,13354619,13354657,13354661,13354667,13354681,13354687,13354813,13354849,13354867,13354879,13354883,13354903,13354907,13354919,13354921,13354933,13354951,13354961,13354963,13354969,13354987,13354997,13355009,13355101,13355107,13355117,13355123,13355161,13355197,13355201,13355213,13355227,13355231,13355257,13355263,13355267,13355291,13355297,13355323,13355339,13355351,13355371,13355393,13355411,13355437,13355449,13355453,13355467,13355501,13355521,13355539,13355549,13355561,13355599,13355603,13355609,13355611,13355621,13355623,13355669,13355677,13355723,13355737,13355743,13355759,13355789,13355807,13355813,13355831,13355857,13355869,13355887,13355891,13355899,13355933,13355941,13355959,13355971,13355983,13355987,13355989,13356017,13356029,13356047,13356059,13356073,13356103,13356121,13356127,13356151,13356173,13356191,13356193,13356197,13356229,13356241,13356247,13356251,13356281,13356289,13356313,13356323,13356331,13356337,13356347,13356349,13356379,13356389,13356391,13356401,13356433,13356437,13356457,13356481,13356503,13356523,13356527,13356557,13356569,13356571,13356587,13356589,13356599,13356613,13356619,13356643,13356647,13356653,13356659,13356661,13356671,13356683,13356697,13356701,13356719,13356779,13356787,13356793,13356799,13356817,13356823,13356839,13356869,13356881,13356887,13356913,13356953,13356979,13356983,13356989,13357009,13357013,13357033,13357049,13357051,13357073,13357117,13357129,13357147,13357151,13357163,13357177,13357207,13357213,13357229,13357237,13357243,13357283,13357297,13357303,13357307,13357327,13357339,13357343,13357369,13357397,13357441,13357469,13357493,13357499,13357501,13357511,13357523,13357543,13357567,13357571,13357573,13357583,13357607,13357609,13357633,13357667,13357681,13357691,13357693,13357697,13357739,13357753,13357763,13357769,13357781,13357783,13357787,13357789,13357793,13357837,13357847,13357853,13357867,13357879,13357889,13357973,13357997,13358003,13358027,13358041,13358053,13358057,13358077,13358119,13358129,13358227,13358231,13358263,13358281,13358321,13358341,13358353,13358381,13358399,13358407,13358417,13358441,13358453,13358467,13358503,13358507,13358519,13358533,13358537,13358557,13358581,13358593,13358599,13358623,13358627,13358687,13358689,13358707,13358711,13358717,13358771,13358773,13358777,13358783,13358789,13358801,13358827,13358867,13358869,13358899,13358911,13358921,13358941,13358953,13358959,13358981,13358993,13358999,13359001,13359011,13359013,13359019,13359023,13359029,13359037,13359041,13359077,13359083,13359089,13359091,13359133,13359163,13359179,13359187,13359211,13359217,13359221,13359259,13359301,13359323,13359361,13359391,13359403,13359407,13359439,13359443,13359461,13359473,13359509,13359529,13359559,13359571,13359589,13359607,13359617,13359623,13359649,13359673,13359677,13359683,13359737,13359743,13359751,13359761,13359767,13359823,13359839,13359851,13359889,13359893,13359911,13359917,13359937,13359947,13359959,13359961,13359967,13359979,13360007,13360013,13360049,13360051,13360073,13360091,13360093,13360099,13360121,13360157,13360177,13360199,13360223,13360231,13360247,13360253,13360279,13360289,13360307,13360313,13360327,13360337,13360357,13360379,13360393,13360409,13360421,13360429,13360433,13360463,13360469,13360471,13360511,13360513,13360531,13360577,13360579,13360603,13360637,13360649,13360687,13360693,13360703,13360751,13360757,13360771,13360777,13360801,13360813,13360843,13360849,13360859,13360873,13360889,13360901,13360913,13360927,13360931,13360943,13360951,13360973,13361011,13361021,13361027,13361053,13361063,13361087,13361119,13361129,13361143,13361147,13361209,13361213,13361219,13361221,13361267,13361287,13361291,13361297,13361333,13361339,13361357,13361377,13361393,13361401,13361407,13361417,13361429,13361437,13361441,13361479,13361497,13361521,13361539,13361581,13361587,13361591,13361603,13361611,13361627,13361629,13361633,13361639,13361669,13361681,13361683,13361737,13361741,13361749,13361753,13361801,13361861,13361879,13361897,13361917,13361923,13361939,13361951,13361977,13362007,13362029,13362031,13362043,13362047,13362049,13362061,13362067,13362077,13362079,13362091,13362133,13362157,13362161,13362179,13362191,13362211,13362227,13362229,13362247,13362257,13362277,13362299,13362311,13362319,13362331,13362337,13362343,13362361,13362373,13362389,13362397,13362407,13362409,13362421,13362449,13362463,13362467,13362511,13362521,13362541,13362553,13362593,13362607,13362611,13362619,13362631,13362641,13362647,13362653,13362659,13362667,13362673,13362677,13362691,13362703,13362709,13362763,13362773,13362779,13362781,13362821,13362857,13362859,13362863,13362893,13362907,13362959,13362971,13362983,13363001,13363019,13363027,13363033,13363079,13363081,13363093,13363109,13363111,13363121,13363151,13363157,13363159,13363169,13363177,13363183,13363187,13363193,13363199,13363219,13363237,13363243,13363247,13363271,13363277,13363279,13363283,13363297,13363319,13363373,13363379,13363397,13363421,13363423,13363429,13363433,13363451,13363457,13363477,13363481,13363487,13363489,13363523,13363531,13363541,13363589,13363601,13363607,13363627,13363639,13363643,13363657,13363681,13363687,13363699,13363709,13363711,13363723,13363729,13363741,13363781,13363789,13363793,13363799,13363811,13363813,13363817,13363837,13363849,13363879,13363901,13363907,13363957,13363963,13363967,13363969,13364009,13364059,13364089,13364093,13364119,13364123,13364129,13364137,13364177,13364179,13364191,13364203,13364231,13364233,13364251,13364269,13364279,13364287,13364291,13364297,13364303,13364327,13364347,13364359,13364371,13364387,13364399,13364453,13364471,13364473,13364501,13364521,13364531,13364537,13364539,13364569,13364573,13364597,13364629,13364651,13364653,13364693,13364699,13364707,13364713,13364719,13364723,13364731,13364749,13364753,13364773,13364777,13364783,13364797,13364801,13364803,13364821,13364833,13364887,13364891,13364899,13364903,13364921,13364927,13364947,13364977,13364987,13364993,13365007,13365031,13365067,13365089,13365091,13365097,13365101,13365109,13365133,13365167,13365193,13365197,13365199,13365223,13365257,13365271,13365337,13365347,13365367,13365409,13365479,13365481,13365503,13365509,13365529,13365559,13365563,13365571,13365577,13365581,13365623,13365637,13365659,13365673,13365697,13365761,13365767,13365787,13365809,13365811,13365817,13365883,13365887,13365889,13365901,13365941,13365953,13365973,13365977,13365983,13365997,13366009,13366021,13366027,13366049,13366051,13366069,13366079,13366121,13366127,13366141,13366159,13366169,13366181,13366201,13366271,13366319,13366387,13366393,13366399,13366411,13366417,13366439,13366447,13366517,13366523,13366537,13366541,13366559,13366571,13366579,13366589,13366597,13366609,13366621,13366637,13366649,13366663,13366667,13366681,13366687,13366693,13366711,13366723,13366733,13366741,13366751,13366763,13366781,13366783,13366789,13366799,13366817,13366819,13366831,13366853,13366867,13366897,13366907,13366909,13366919,13366949,13366961,13366963,13366967,13367017,13367033,13367059,13367063,13367093,13367119,13367147,13367149,13367153,13367239,13367251,13367261,13367267,13367311,13367329,13367339,13367351,13367401,13367437,13367441,13367447,13367449,13367461,13367503,13367551,13367567,13367581,13367587,13367591,13367597,13367611,13367647,13367657,13367671,13367699,13367719,13367749,13367777,13367791,13367801,13367813,13367821,13367839,13367843,13367891,13367911,13367923,13367929,13367957,13367971,13367983,13367993,13368007,13368011,13368073,13368107,13368109,13368127,13368139,13368149,13368151,13368167,13368169,13368193,13368197,13368203,13368209,13368233,13368247,13368253,13368263,13368269,13368283,13368287,13368293,13368317,13368319,13368353,13368361,13368373,13368379,13368389,13368413,13368431,13368437,13368469,13368491,13368503,13368521,13368527,13368529,13368541,13368559,13368569,13368587,13368599,13368629,13368631,13368653,13368659,13368671,13368683,13368697,13368703,13368713,13368731,13368737,13368767,13368793,13368811,13368827,13368847,13368853,13368889,13368899,13368907,13368923,13368931,13368937,13368947,13368991,13369007,13369039,13369043,13369051,13369061,13369063,13369093,13369117,13369121,13369129,13369151,13369183,13369193,13369199,13369201,13369207,13369211,13369231,13369241,13369253,13369271,13369273,13369289,13369333,13369399,13369441,13369457,13369481,13369487,13369501,13369523,13369529,13369537,13369547,13369549,13369571,13369589,13369591,13369639,13369651,13369663,13369687,13369703,13369717,13369747,13369753,13369789,13369817,13369819,13369823,13369849,13369859,13369879,13369907,13369921,13369933,13369943,13369981,13369999,13370003,13370029,13370089,13370111,13370113,13370117,13370171,13370219,13370233,13370249,13370251,13370263,13370293,13370297,13370309,13370311,13370317,13370323,13370339,13370341,13370351,13370353,13370369,13370443,13370473,13370477,13370501,13370503,13370557,13370569,13370593,13370647,13370689,13370723,13370759,13370761,13370779,13370783,13370803,13370809,13370831,13370849,13370867,13370873,13370881,13370897,13370909,13370947,13370953,13370963,13370969,13371049,13371089,13371101,13371103,13371109,13371131,13371133,13371157,13371161,13371173,13371181,13371203,13371221,13371223,13371227,13371247,13371251,13371263,13371283,13371313,13371329,13371331,13371361,13371373,13371389,13371431,13371433,13371439,13371443,13371451,13371493,13371517,13371551,13371569,13371577,13371587,13371593,13371599,13371613,13371623,13371653,13371691,13371731,13371733,13371739,13371751,13371767,13371779,13371791,13371797,13371803,13371817,13371821,13371833,13371859,13371887,13371893,13371907,13371913,13371971,13371973,13371977,13371989,13372001,13372003,13372043,13372057,13372091,13372123,13372153,13372157,13372169,13372171,13372187,13372189,13372193,13372201,13372267,13372279,13372297,13372301,13372309,13372321,13372327,13372363,13372427,13372459,13372477,13372511,13372529,13372531,13372543,13372549,13372559,13372571,13372573,13372607,13372609,13372631,13372649,13372657,13372661,13372663,13372669,13372679,13372717,13372721,13372739,13372747,13372771,13372831,13372837,13372889,13372901,13372937,13372963,13372987,13372991,13372993,13373023,13373027,13373039,13373047,13373077,13373081,13373111,13373123,13373137,13373141,13373161,13373167,13373179,13373219,13373221,13373231,13373233,13373273,13373291,13373303,13373351,13373377,13373389,13373411,13373413,13373429,13373443,13373447,13373461,13373467,13373483,13373497,13373513,13373519,13373567,13373573,13373593,13373597,13373599,13373639,13373641,13373651,13373653,13373671,13373693,13373719,13373729,13373743,13373753,13373779,13373797,13373809,13373839,13373851,13373863,13373869,13373887,13373939,13373947,13373953,13373957,13373963,13373981,13373993,13373999,13374001,13374007,13374047,13374059,13374083,13374089,13374103,13374107,13374139,13374143,13374149,13374167,13374169,13374173,13374181,13374197,13374203,13374211,13374217,13374227,13374253,13374269,13374281,13374289,13374301,13374329,13374331,13374337,13374373,13374377,13374397,13374401,13374407,13374437,13374443,13374451,13374467,13374469,13374479,13374509,13374541,13374551,13374583,13374589,13374601,13374611,13374617,13374623,13374629,13374637,13374643,13374659,13374667,13374721,13374731,13374737,13374773,13374787,13374791,13374821,13374847,13374853,13374877,13374883,13374901,13374913,13374923,13374929,13374941,13374947,13374953,13374961,13374973,13375001,13375049,13375057,13375081,13375091,13375097,13375099,13375111,13375129,13375139,13375147,13375169,13375171,13375211,13375237,13375247,13375249,13375267,13375303,13375333,13375337,13375361,13375363,13375381,13375393,13375403,13375421,13375423,13375441,13375459,13375469,13375507,13375511,13375517,13375519,13375559,13375561,13375573,13375597,13375603,13375613,13375631,13375643,13375657,13375669,13375693,13375711,13375783,13375793,13375801,13375807,13375819,13375837,13375847,13375853,13375861,13375877,13375883,13375909,13375913,13375919,13375937,13375939,13375993,13375997,13376003,13376023,13376029,13376039,13376063,13376071,13376089,13376101,13376117,13376147,13376189,13376191,13376239,13376257,13376261,13376309,13376357,13376369,13376381,13376401,13376411,13376417,13376423,13376431,13376477,13376479,13376521,13376527,13376549,13376579,13376599,13376633,13376641,13376651,13376653,13376659,13376683,13376687,13376689,13376707,13376711,13376719,13376729,13376747,13376761,13376791,13376851,13376863,13376887,13376929,13376933,13376941,13376953,13376963,13376971,13376981,13376983,13376989,13377047,13377059,13377073,13377097,13377103,13377131,13377157,13377179,13377211,13377223,13377233,13377251,13377289,13377293,13377319,13377341,13377347,13377389,13377401,13377431,13377433,13377437,13377457,13377473,13377491,13377503,13377541,13377557,13377583,13377587,13377593,13377629,13377631,13377643,13377649,13377701,13377703,13377713,13377733,13377737,13377739,13377769,13377811,13377829,13377839,13377853,13377863,13377887,13377893,13377937,13377941,13377943,13377953,13377967,13377977,13378003,13378009,13378063,13378067,13378153,13378159,13378171,13378219,13378229,13378231,13378237,13378241,13378243,13378247,13378271,13378279,13378283,13378297,13378301,13378319,13378327,13378357,13378369,13378373,13378381,13378399,13378403,13378429,13378487,13378499,13378501,13378511,13378513,13378517,13378523,13378543,13378549,13378553,13378579,13378591,13378613,13378619,13378661,13378667,13378693,13378697,13378721,13378727,13378733,13378741,13378777,13378787,13378789,13378811,13378817,13378837,13378873,13378903,13378921,13378927,13378951,13378957,13378961,13378991,13378993,13379057,13379071,13379081,13379099,13379111,13379131,13379143,13379147,13379159,13379189,13379207,13379209,13379213,13379227,13379257,13379273,13379291,13379293,13379309,13379329,13379341,13379347,13379381,13379389,13379417,13379437,13379441,13379447,13379461,13379467,13379473,13379543,13379563,13379567,13379573,13379581,13379609,13379621,13379623,13379627,13379633,13379651,13379669,13379689,13379711,13379749,13379771,13379789,13379809,13379827,13379851,13379869,13379881,13379887,13379893,13379897,13379917,13379939,13379953,13379963,13379983,13379999,13380023,13380041,13380067,13380113,13380119,13380131,13380137,13380149,13380179,13380193,13380203,13380229,13380233,13380239,13380299,13380307,13380317,13380331,13380337,13380361,13380371,13380401,13380403,13380413,13380461,13380463,13380481,13380487,13380511,13380517,13380529,13380583,13380599,13380659,13380707,13380709,13380727,13380743,13380749,13380761,13380767,13380793,13380797,13380799,13380817,13380823,13380839,13380841,13380863,13380877,13380881,13380901,13380907,13380911,13380929,13380931,13380937,13380943,13380967,13381001,13381019,13381033,13381037,13381079,13381097,13381103,13381117,13381153,13381169,13381183,13381189,13381217,13381231,13381241,13381271,13381279,13381289,13381327,13381373,13381393,13381399,13381421,13381427,13381463,13381477,13381481,13381483,13381507,13381523,13381549,13381597,13381633,13381639,13381649,13381663,13381691,13381717,13381727,13381747,13381751,13381763,13381769,13381777,13381783,13381787,13381807,13381813,13381817,13381853,13381859,13381891,13381903,13381913,13381919,13381931,13381937,13381939,13381993,13382003,13382027,13382051,13382059,13382081,13382087,13382167,13382183,13382191,13382207,13382227,13382233,13382249,13382261,13382267,13382269,13382279,13382309,13382329,13382351,13382353,13382377,13382387,13382401,13382423,13382429,13382449,13382459,13382461,13382491,13382497,13382507,13382533,13382539,13382549,13382561,13382563,13382569,13382591,13382599,13382609,13382617,13382623,13382651,13382657,13382683,13382737,13382741,13382753,13382771,13382773,13382807,13382839,13382857,13382881,13382903,13382909,13382923,13382939,13382947,13382951,13382953,13382969,13382983,13383037,13383043,13383053,13383077,13383089,13383101,13383127,13383143,13383157,13383173,13383193,13383211,13383221,13383241,13383257,13383259,13383269,13383299,13383313,13383319,13383367,13383371,13383373,13383379,13383421,13383427,13383431,13383463,13383479,13383481,13383499,13383521,13383523,13383527,13383533,13383551,13383563,13383569,13383577,13383593,13383637,13383647,13383649,13383653,13383691,13383697,13383701,13383757,13383763,13383781,13383787,13383803,13383817,13383823,13383829,13383841,13383857,13383859,13383863,13383869,13383883,13383889,13383901,13383911,13383967,13383991,13384013,13384027,13384067,13384069,13384097,13384099,13384127,13384181,13384201,13384211,13384271,13384291,13384307,13384313,13384339,13384369,13384373,13384387,13384391,13384433,13384439,13384447,13384451,13384453,13384513,13384561,13384577,13384583,13384649,13384667,13384699,13384711,13384741,13384753,13384757,13384783,13384793,13384807,13384841,13384843,13384879,13384897,13384907,13384913,13384927,13384937,13384993,13384999,13385003,13385017,13385027,13385041,13385081,13385107,13385111,13385123,13385167,13385179,13385191,13385213,13385219,13385221,13385237,13385243,13385249,13385257,13385263,13385293,13385299,13385347,13385357,13385363,13385369,13385371,13385387,13385401,13385423,13385431,13385531,13385543,13385573,13385587,13385611,13385677,13385683,13385699,13385731,13385759,13385761,13385767,13385773,13385809,13385819,13385821,13385837,13385873,13385881,13385887,13385917,13385921,13385923,13385941,13385947,13385951,13386001,13386007,13386019,13386047,13386059,13386067,13386077,13386091,13386101,13386137,13386143,13386167,13386179,13386187,13386199,13386209,13386227,13386239,13386257,13386271,13386277,13386281,13386283,13386311,13386343,13386353,13386367,13386383,13386397,13386409,13386433,13386479,13386481,13386509,13386539,13386547,13386557,13386577,13386589,13386671,13386677,13386683,13386707,13386721,13386727,13386733,13386767,13386781,13386797,13386799,13386809,13386817,13386839,13386847,13386853,13386883,13386907,13386911,13386917,13386931,13386937,13386949,13386953,13386983,13386991,13387043,13387063,13387079,13387093,13387097,13387117,13387123,13387139,13387141,13387169,13387181,13387193,13387201,13387249,13387273,13387301,13387331,13387333,13387351,13387369,13387373,13387391,13387393,13387399,13387411,13387421,13387427,13387447,13387453,13387459,13387499,13387523,13387553,13387559,13387573,13387579,13387597,13387603,13387637,13387639,13387643,13387667,13387669,13387711,13387727,13387729,13387757,13387769,13387783,13387813,13387841,13387849,13387859,13387883,13387897,13387919,13387931,13387943,13387961,13387967,13387987,13387991,13388009,13388021,13388029,13388033,13388041,13388057,13388059,13388071,13388083,13388087,13388101,13388107,13388119,13388189,13388201,13388261,13388267,13388269,13388321,13388327,13388329,13388357,13388381,13388393,13388411,13388429,13388443,13388449,13388471,13388491,13388513,13388539,13388549,13388563,13388569,13388581,13388629,13388651,13388653,13388659,13388671,13388681,13388699,13388719,13388747,13388761,13388773,13388777,13388779,13388801,13388831,13388833,13388839,13388887,13388899,13388917,13388927,13388941,13388959,13388987,13389011,13389041,13389043,13389049,13389107,13389121,13389127,13389137,13389161,13389193,13389203,13389223,13389253,13389263,13389269,13389287,13389293,13389307,13389331,13389361,13389367,13389373,13389377,13389391,13389403,13389413,13389419,13389437,13389457,13389461,13389463,13389491,13389511,13389533,13389539,13389553,13389569,13389577,13389599,13389617,13389647,13389653,13389707,13389743,13389751,13389757,13389767,13389773,13389781,13389787,13389823,13389833,13389847,13389853,13389881,13389907,13389911,13389913,13389919,13389953,13389997,13390001,13390019,13390037,13390051,13390099,13390121,13390123,13390129,13390177,13390187,13390207,13390211,13390213,13390219,13390241,13390249,13390259,13390261,13390283,13390303,13390331,13390361,13390367,13390417,13390469,13390483,13390519,13390523,13390549,13390583,13390589,13390591,13390607,13390621,13390631,13390661,13390691,13390697,13390703,13390709,13390733,13390771,13390777,13390787,13390799,13390823,13390841,13390859,13390873,13390907,13390921,13390961,13390963,13390973,13390981,13390987,13390997,13390999,13391023,13391041,13391057,13391093,13391113,13391117,13391123,13391149,13391153,13391179,13391197,13391227,13391237,13391251,13391293,13391309,13391311,13391321,13391327,13391341,13391353,13391387,13391401,13391423,13391429,13391431,13391437,13391449,13391453,13391467,13391501,13391503,13391507,13391509,13391531,13391549,13391551,13391621,13391639,13391641,13391683,13391687,13391689,13391701,13391711,13391731,13391747,13391753,13391779,13391797,13391803,13391809,13391813,13391821,13391831,13391839,13391857,13391867,13391909,13391927,13391933,13391977,13391981,13392011,13392047,13392053,13392059,13392061,13392079,13392089,13392101,13392109,13392121,13392143,13392167,13392173,13392191,13392193,13392251,13392259,13392263,13392293,13392329,13392343,13392349,13392373,13392383,13392391,13392419,13392427,13392433,13392437,13392439,13392443,13392451,13392487,13392493,13392539,13392551,13392559,13392581,13392619,13392629,13392641,13392649,13392671,13392677,13392689,13392707,13392761,13392763,13392767,13392811,13392817,13392833,13392851,13392859,13392871,13392901,13392971,13392989,13392997,13393013,13393033,13393049,13393057,13393063,13393087,13393097,13393103,13393117,13393151,13393169,13393181,13393187,13393189,13393231,13393267,13393277,13393279,13393283,13393301,13393313,13393349,13393351,13393357,13393361,13393363,13393379,13393397,13393403,13393417,13393427,13393441,13393453,13393459,13393483,13393517,13393559,13393561,13393591,13393607,13393609,13393631,13393657,13393661,13393687,13393697,13393717,13393733,13393747,13393817,13393847,13393859,13393867,13393871,13393883,13393927,13393949,13393957,13393973,13393979,13393997,13394023,13394041,13394047,13394063,13394083,13394089,13394099,13394123,13394131,13394137,13394149,13394159,13394177,13394189,13394219,13394261,13394267,13394273,13394279,13394281,13394287,13394299,13394321,13394347,13394369,13394377,13394417,13394431,13394443,13394461,13394467,13394473,13394477,13394497,13394503,13394527,13394561,13394567,13394597,13394599,13394609,13394611,13394617,13394651,13394701,13394713,13394729,13394737,13394747,13394761,13394813,13394819,13394837,13394869,13394873,13394891,13394893,13394917,13394921,13394933,13394939,13395001,13395023,13395029,13395037,13395077,13395103,13395113,13395139,13395149,13395157,13395163,13395169,13395181,13395197,13395199,13395203,13395227,13395229,13395257,13395307,13395313,13395373,13395383,13395433,13395451,13395457,13395463,13395491,13395509,13395521,13395523,13395533,13395553,13395559,13395581,13395583,13395601,13395607,13395617,13395623,13395631,13395649,13395653,13395659,13395671,13395673,13395691,13395713,13395727,13395737,13395743,13395749,13395761,13395763,13395769,13395787,13395791,13395839,13395841,13395857,13395859,13395923,13395947,13395973,13395989,13396001,13396003,13396021,13396043,13396049,13396063,13396069,13396073,13396093,13396099,13396111,13396129,13396133,13396147,13396151,13396169,13396171,13396211,13396213,13396223,13396249,13396277,13396297,13396301,13396307,13396319,13396367,13396421,13396447,13396451,13396477,13396483,13396499,13396517,13396519,13396529,13396531,13396543,13396567,13396571,13396589,13396609,13396613,13396631,13396633,13396673,13396679,13396699,13396711,13396723,13396727,13396751,13396769,13396841,13396847,13396861,13396913,13396939,13396979,13396987,13397011,13397029,13397039,13397047,13397051,13397099,13397129,13397141,13397143,13397161,13397191,13397213,13397221,13397231,13397243,13397249,13397269,13397273,13397291,13397311,13397317,13397327,13397341,13397353,13397359,13397383,13397399,13397401,13397407,13397443,13397473,13397497,13397509,13397533,13397537,13397539,13397551,13397557,13397561,13397563,13397567,13397591,13397599,13397609,13397621,13397647,13397653,13397677,13397687,13397701,13397719,13397729,13397803,13397807,13397827,13397837,13397851,13397861,13397863,13397893,13397903,13397911,13397933,13397941,13397957,13397963,13397977,13397981,13397987,13398001,13398013,13398019,13398053,13398089,13398131,13398139,13398157,13398233,13398247,13398257,13398263,13398271,13398283,13398299,13398313,13398317,13398323,13398379,13398383,13398391,13398421,13398449,13398457,13398461,13398491,13398503,13398547,13398563,13398569,13398587,13398599,13398611,13398617,13398641,13398653,13398659,13398661,13398689,13398691,13398709,13398731,13398733,13398739,13398751,13398779,13398793,13398797,13398799,13398817,13398859,13398863,13398871,13398883,13398893,13398919,13398937,13398943,13398977,13398989,13398991,13398997,13399003,13399007,13399021,13399027,13399033,13399063,13399079,13399081,13399093,13399109,13399117,13399121,13399153,13399163,13399171,13399193,13399207,13399229,13399231,13399241,13399259,13399283,13399303,13399319,13399327,13399343,13399361,13399387,13399423,13399429,13399433,13399453,13399469,13399481,13399487,13399489,13399499,13399517,13399523,13399543,13399571,13399601,13399627,13399637,13399649,13399651,13399663,13399679,13399681,13399691,13399699,13399709,13399811,13399817,13399819,13399829,13399849,13399853,13399877,13399889,13399949,13399951,13399979,13399993,13399999,13400027,13400033,13400041,13400077,13400081,13400087,13400089,13400129,13400141,13400143,13400147,13400161,13400171,13400173,13400207,13400209,13400227,13400239,13400251,13400273,13400279,13400281,13400341,13400353,13400363,13400371,13400389,13400417,13400441,13400447,13400459,13400479,13400483,13400501,13400503,13400507,13400509,13400551,13400561,13400591,13400633,13400657,13400689,13400693,13400707,13400741,13400767,13400801,13400831,13400839,13400861,13400867,13400887,13400903,13400921,13400923,13400951,13400963,13400971,13401041,13401043,13401053,13401071,13401077,13401107,13401119,13401131,13401149,13401163,13401181,13401191,13401211,13401217,13401233,13401247,13401281,13401299,13401307,13401313,13401317,13401329,13401343,13401359,13401379,13401391,13401397,13401467,13401469,13401473,13401497,13401503,13401523,13401539,13401581,13401587,13401607,13401611,13401637,13401667,13401671,13401679,13401719,13401737,13401743,13401749,13401757,13401781,13401803,13401833,13401841,13401863,13401907,13401919,13401931,13401937,13401989,13402007,13402009,13402033,13402043,13402063,13402099,13402133,13402141,13402157,13402159,13402189,13402223,13402229,13402237,13402247,13402253,13402297,13402303,13402309,13402327,13402339,13402373,13402423,13402427,13402453,13402469,13402471,13402513,13402517,13402549,13402561,13402601,13402603,13402607,13402637,13402639,13402643,13402651,13402673,13402679,13402687,13402709,13402717,13402729,13402751,13402787,13402793,13402841,13402861,13402867,13402871,13402877,13402889,13402897,13402913,13402937,13402957,13402979,13402993,13403041,13403053,13403059,13403069,13403087,13403101,13403107,13403119,13403147,13403153,13403161,13403177,13403179,13403197,13403209,13403233,13403239,13403251,13403267,13403279,13403281,13403297,13403317,13403323,13403333,13403371,13403393,13403399,13403431,13403437,13403447,13403449,13403461,13403471,13403477,13403479,13403483,13403491,13403513,13403519,13403567,13403581,13403617,13403623,13403627,13403629,13403671,13403681,13403723,13403737,13403743,13403777,13403801,13403813,13403827,13403849,13403869,13403893,13403969,13403989,13404011,13404029,13404047,13404067,13404073,13404091,13404133,13404137,13404163,13404169,13404233,13404241,13404247,13404271,13404277,13404289,13404299,13404319,13404343,13404373,13404383,13404403,13404407,13404427,13404451,13404509,13404511,13404529,13404533,13404563,13404569,13404613,13404647,13404649,13404659,13404667,13404673,13404697,13404733,13404739,13404761,13404763,13404829,13404877,13404887,13404889,13404901,13404907,13404943,13404947,13404961,13404967,13404983,13405001,13405003,13405009,13405037,13405057,13405069,13405079,13405087,13405097,13405103,13405111,13405123,13405151,13405187,13405219,13405229,13405243,13405253,13405261,13405267,13405289,13405291,13405307,13405309,13405349,13405351,13405363,13405397,13405411,13405429,13405451,13405459,13405471,13405519,13405541,13405549,13405607,13405631,13405633,13405657,13405663,13405681,13405687,13405699,13405703,13405727,13405751,13405753,13405771,13405781,13405783,13405807,13405813,13405817,13405823,13405853,13405867,13405871,13405879,13405897,13405913,13405927,13405957,13405961,13405967,13405991,13405999,13406009,13406011,13406017,13406023,13406027,13406053,13406069,13406087,13406089,13406117,13406119,13406123,13406131,13406179,13406189,13406201,13406203,13406213,13406249,13406257,13406269,13406279,13406287,13406299,13406311,13406317,13406339,13406357,13406363,13406369,13406389,13406417,13406429,13406443,13406461,13406473,13406483,13406513,13406527,13406531,13406579,13406581,13406599,13406651,13406711,13406737,13406759,13406773,13406777,13406803,13406807,13406819,13406843,13406879,13406909,13406917,13406929,13406941,13406947,13406963,13406971,13406977,13407047,13407059,13407083,13407133,13407157,13407167,13407181,13407197,13407241,13407257,13407259,13407281,13407311,13407313,13407319,13407323,13407341,13407343,13407349,13407377,13407391,13407397,13407403,13407409,13407419,13407439,13407461,13407479,13407481,13407487,13407491,13407539,13407601,13407629,13407659,13407671,13407683,13407703,13407707,13407731,13407791,13407799,13407811,13407833,13407847,13407859,13407869,13407871,13407907,13407913,13407941,13407971,13407991,13408007,13408013,13408033,13408051,13408067,13408081,13408093,13408111,13408133,13408141,13408147,13408183,13408193,13408201,13408211,13408229,13408249,13408259,13408261,13408273,13408313,13408331,13408397,13408463,13408481,13408501,13408511,13408519,13408531,13408537,13408553,13408579,13408613,13408621,13408627,13408639,13408669,13408679,13408687,13408721,13408727,13408729,13408757,13408781,13408789,13408799,13408831,13408867,13408873,13408877,13408883,13408891,13408897,13408909,13408939,13408949,13408961,13408963,13408979,13408981,13408987,13409017,13409027,13409047,13409051,13409087,13409089,13409101,13409111,13409113,13409119,13409153,13409177,13409251,13409287,13409303,13409309,13409321,13409323,13409327,13409353,13409359,13409369,13409401,13409441,13409491,13409531,13409533,13409551,13409587,13409603,13409633,13409647,13409653,13409657,13409681,13409717,13409741,13409761,13409771,13409779,13409783,13409789,13409791,13409797,13409807,13409819,13409827,13409831,13409843,13409867,13409909,13409917,13409927,13409939,13409941,13409951,13409969,13410031,13410071,13410079,13410083,13410119,13410139,13410167,13410193,13410211,13410223,13410233,13410247,13410269,13410277,13410307,13410323,13410337,13410343,13410349,13410377,13410389,13410413,13410421,13410427,13410437,13410473,13410491,13410493,13410577,13410583,13410589,13410629,13410659,13410689,13410697,13410707,13410721,13410737,13410743,13410767,13410779,13410791,13410821,13410829,13410851,13410853,13410857,13410869,13410893,13410899,13410907,13410913,13410919,13410931,13410959,13410989,13411009,13411039,13411063,13411081,13411109,13411117,13411129,13411157,13411171,13411187,13411201,13411213,13411219,13411241,13411243,13411259,13411271,13411297,13411301,13411303,13411337,13411339,13411357,13411373,13411379,13411381,13411393,13411417,13411421,13411441,13411451,13411471,13411481,13411483,13411513,13411523,13411537,13411547,13411583,13411609,13411613,13411621,13411661,13411679,13411681,13411709,13411711,13411781,13411787,13411799,13411807,13411813,13411817,13411823,13411831,13411837,13411847,13411877,13411901,13411903,13411907,13411927,13411943,13411969,13411987,13411999,13412011,13412017,13412023,13412027,13412029,13412041,13412051,13412107,13412117,13412137,13412143,13412159,13412177,13412221,13412237,13412251,13412257,13412299,13412359,13412369,13412387,13412407,13412447,13412449,13412459,13412489,13412501,13412513,13412521,13412543,13412549,13412561,13412563,13412569,13412579,13412629,13412671,13412683,13412701,13412723,13412753,13412783,13412807,13412821,13412843,13412891,13412897,13412909,13412929,13412951,13412953,13412999,13413047,13413073,13413077,13413089,13413121,13413131,13413143,13413157,13413193,13413223,13413241,13413251,13413269,13413271,13413287,13413311,13413313,13413319,13413329,13413343,13413349,13413353,13413371,13413383,13413403,13413409,13413419,13413443,13413461,13413479,13413497,13413503,13413511,13413523,13413529,13413539,13413541,13413551,13413553,13413557,13413559,13413581,13413593,13413599,13413637,13413643,13413661,13413671,13413679,13413703,13413707,13413727,13413733,13413737,13413749,13413767,13413769,13413773,13413779,13413781,13413787,13413797,13413811,13413821,13413857,13413859,13413889,13413919,13413931,13413971,13413977,13414001,13414021,13414031,13414039,13414061,13414069,13414073,13414087,13414099,13414109,13414123,13414127,13414157,13414183,13414189,13414201,13414213,13414249,13414259,13414273,13414333,13414367,13414369,13414381,13414393,13414397,13414403,13414463,13414469,13414477,13414481,13414487,13414493,13414519,13414549,13414603,13414607,13414613,13414631,13414637,13414651,13414663,13414679,13414691,13414721,13414729,13414759,13414799,13414813,13414837,13414859,13414861,13414873,13414879,13414897,13414901,13414927,13414949,13414963,13414981,13414993,13414997,13415047,13415071,13415093,13415107,13415111,13415117,13415119,13415147,13415161,13415173,13415189,13415231,13415239,13415249,13415251,13415287,13415291,13415327,13415333,13415359,13415399,13415407,13415411,13415447,13415449,13415461,13415483,13415491,13415537,13415551,13415557,13415581,13415599,13415617,13415627,13415629,13415659,13415681,13415683,13415741,13415749,13415813,13415819,13415849,13415851,13415861,13415887,13415891,13415911,13415917,13415921,13415929,13415933,13415939,13415953,13415959,13415971,13415993,13416001,13416019,13416023,13416079,13416083,13416097,13416101,13416113,13416131,13416209,13416217,13416233,13416239,13416251,13416253,13416283,13416289,13416313,13416329,13416341,13416457,13416461,13416463,13416467,13416493,13416497,13416509,13416511,13416517,13416539,13416551,13416563,13416577,13416593,13416619,13416631,13416643,13416671,13416691,13416709,13416719,13416727,13416737,13416773,13416811,13416827,13416833,13416847,13416863,13416917,13416929,13416959,13416971,13416973,13417007,13417009,13417031,13417037,13417039,13417057,13417067,13417069,13417081,13417087,13417093,13417099,13417121,13417139,13417171,13417189,13417237,13417307,13417309,13417319,13417351,13417357,13417381,13417387,13417399,13417429,13417433,13417447,13417457,13417483,13417493,13417511,13417529,13417541,13417543,13417561,13417571,13417577,13417583,13417609,13417627,13417631,13417669,13417673,13417681,13417727,13417741,13417751,13417753,13417757,13417769,13417787,13417801,13417813,13417847,13417853,13417871,13417891,13417903,13417919,13417927,13417967,13417969,13417991,13418017,13418033,13418051,13418059,13418089,13418101,13418113,13418137,13418147,13418149,13418159,13418173,13418183,13418189,13418201,13418243,13418267,13418299,13418303,13418333,13418341,13418347,13418369,13418393,13418413,13418417,13418437,13418459,13418477,13418479,13418501,13418513,13418551,13418563,13418569,13418653,13418681,13418749,13418771,13418803,13418809,13418813,13418819,13418833,13418879,13418887,13418893,13418903,13418941,13418953,13418957,13418971,13418981,13418983,13418989,13419037,13419041,13419047,13419067,13419113,13419127,13419151,13419173,13419179,13419181,13419209,13419221,13419223,13419227,13419233,13419269,13419293,13419319,13419337,13419347,13419349,13419353,13419359,13419361,13419379,13419383,13419391,13419401,13419433,13419449,13419457,13419463,13419467,13419479,13419481,13419499,13419503,13419533,13419563,13419583,13419589,13419661,13419673,13419691,13419697,13419701,13419713,13419737,13419743,13419761,13419773,13419793,13419797,13419821,13419829,13419841,13419877,13419881,13419893,13419907,13419929,13419943,13419949,13420003,13420019,13420031,13420037,13420049,13420067,13420073,13420091,13420093,13420103,13420133,13420139,13420153,13420177,13420181,13420193,13420223,13420229,13420237,13420271,13420291,13420321,13420331,13420387,13420397,13420453,13420469,13420481,13420483,13420487,13420493,13420499,13420541,13420573,13420597,13420619,13420637,13420643,13420663,13420691,13420697,13420699,13420723,13420727,13420741,13420747,13420801,13420807,13420873,13420943,13420949,13420961,13420987,13420999,13421021,13421039,13421071,13421129,13421131,13421141,13421173,13421207,13421251,13421267,13421297,13421299,13421323,13421327,13421329,13421363,13421393,13421399,13421407,13421411,13421437,13421453,13421501,13421509,13421521,13421533,13421537,13421539,13421563,13421567,13421579,13421591,13421651,13421671,13421677,13421689,13421711,13421717,13421731,13421747,13421767,13421783,13421797,13421813,13421819,13421833,13421839,13421843,13421869,13421873,13421887,13421897,13421917,13421927,13421951,13421981,13422007,13422011,13422023,13422049,13422067,13422077,13422089,13422107,13422109,13422121,13422131,13422137,13422139,13422169,13422209,13422221,13422223,13422229,13422247,13422251,13422259,13422263,13422281,13422289,13422313,13422329,13422361,13422371,13422397,13422419,13422421,13422433,13422439,13422463,13422481,13422491,13422499,13422509,13422517,13422533,13422581,13422599,13422613,13422631,13422637,13422641,13422649,13422667,13422671,13422691,13422697,13422701,13422709,13422719,13422733,13422767,13422769,13422781,13422791,13422793,13422817,13422821,13422859,13422881,13422883,13422917,13422943,13423019,13423051,13423057,13423073,13423097,13423103,13423117,13423199,13423211,13423231,13423273,13423297,13423301,13423307,13423321,13423327,13423337,13423339,13423349,13423351,13423381,13423391,13423409,13423411,13423451,13423453,13423483,13423493,13423499,13423511,13423537,13423541,13423547,13423573,13423583,13423643,13423649,13423667,13423679,13423691,13423699,13423763,13423771,13423793,13423831,13423847,13423853,13423867,13423873,13423877,13423901,13423903,13423909,13423939,13423957,13423967,13423979,13423981,13423987,13424003,13424009,13424017,13424039,13424063,13424077,13424083,13424107,13424119,13424123,13424141,13424143,13424149,13424153,13424161,13424221,13424231,13424263,13424269,13424273,13424291,13424293,13424297,13424311,13424347,13424363,13424371,13424401,13424413,13424429,13424443,13424459,13424461,13424473,13424491,13424539,13424561,13424569,13424573,13424591,13424623,13424639,13424641,13424647,13424681,13424687,13424689,13424693,13424699,13424731,13424737,13424743,13424771,13424783,13424791,13424797,13424813,13424837,13424863,13424867,13424881,13424899,13424903,13424921,13424923,13424947,13424977,13424981,13424989,13424993,13425017,13425047,13425067,13425089,13425103,13425107,13425119,13425133,13425149,13425151,13425157,13425187,13425233,13425239,13425241,13425253,13425281,13425283,13425287,13425301,13425341,13425403,13425431,13425437,13425443,13425469,13425473,13425481,13425539,13425547,13425569,13425613,13425617,13425623,13425641,13425653,13425679,13425683,13425689,13425701,13425707,13425749,13425751,13425757,13425773,13425779,13425781,13425791,13425793,13425809,13425823,13425827,13425833,13425851,13425877,13425889,13425911,13425953,13425959,13425967,13425977,13425991,13426009,13426033,13426057,13426093,13426097,13426117,13426121,13426187,13426199,13426201,13426207,13426219,13426223,13426247,13426249,13426261,13426267,13426279,13426289,13426291,13426297,13426307,13426327,13426337,13426339,13426373,13426397,13426403,13426409,13426421,13426423,13426429,13426433,13426477,13426487,13426489,13426493,13426513,13426529,13426531,13426541,13426573,13426591,13426601,13426613,13426657,13426667,13426669,13426709,13426741,13426747,13426757,13426759,13426783,13426801,13426843,13426873,13426877,13426883,13426921,13426927,13426949,13426961,13426981,13427003,13427017,13427033,13427039,13427047,13427069,13427081,13427083,13427119,13427143,13427149,13427153,13427201,13427207,13427221,13427231,13427251,13427257,13427273,13427287,13427333,13427353,13427413,13427443,13427461,13427473,13427483,13427527,13427543,13427549,13427563,13427573,13427581,13427593,13427611,13427629,13427641,13427663,13427669,13427683,13427719,13427723,13427749,13427753,13427761,13427789,13427809,13427833,13427861,13427863,13427917,13427933,13427963,13427971,13427983,13428049,13428059,13428061,13428089,13428097,13428101,13428109,13428119,13428127,13428137,13428139,13428157,13428187,13428241,13428263,13428271,13428319,13428347,13428353,13428379,13428403,13428407,13428413,13428431,13428449,13428461,13428491,13428509,13428529,13428533,13428539,13428559,13428563,13428617,13428641,13428647,13428671,13428677,13428703,13428707,13428721,13428731,13428773,13428809,13428823,13428829,13428847,13428871,13428889,13428893,13428907,13428911,13428913,13428917,13428937,13428949,13428959,13428977,13429027,13429063,13429103,13429109,13429111,13429139,13429159,13429183,13429223,13429267,13429277,13429301,13429307,13429321,13429327,13429343,13429363,13429379,13429387,13429393,13429399,13429433,13429441,13429453,13429457,13429469,13429489,13429499,13429513,13429531,13429543,13429567,13429571,13429589,13429613,13429621,13429627,13429651,13429679,13429693,13429709,13429739,13429771,13429777,13429799,13429807,13429811,13429841,13429849,13429909,13429931,13429961,13429963,13429967,13430003,13430009,13430063,13430069,13430077,13430089,13430129,13430141,13430143,13430159,13430167,13430171,13430173,13430177,13430213,13430227,13430231,13430243,13430267,13430269,13430279,13430281,13430293,13430299,13430303,13430369,13430383,13430399,13430401,13430407,13430419,13430423,13430429,13430437,13430441,13430447,13430449,13430477,13430503,13430507,13430539,13430581,13430617,13430633,13430639,13430647,13430671,13430687,13430699,13430707,13430713,13430737,13430761,13430771,13430801,13430803,13430831,13430839,13430849,13430881,13430917,13430927,13430939,13430947,13430951,13430953,13430959,13430981,13430993,13431017,13431053,13431059,13431109,13431113,13431127,13431133,13431137,13431161,13431169,13431181,13431191,13431217,13431239,13431251,13431323,13431349,13431359,13431361,13431371,13431373,13431391,13431403,13431421,13431433,13431497,13431503,13431521,13431533,13431541,13431569,13431571,13431577,13431589,13431599,13431619,13431661,13431667,13431679,13431721,13431731,13431739,13431757,13431767,13431787,13431797,13431811,13431857,13431863,13431871,13431911,13431919,13431923,13431937,13431941,13431967,13431991,13432009,13432019,13432033,13432037,13432061,13432079,13432087,13432109,13432121,13432129,13432151,13432163,13432169,13432213,13432229,13432231,13432247,13432273,13432283,13432319,13432327,13432337,13432387,13432399,13432403,13432429,13432451,13432477,13432493,13432513,13432519,13432537,13432547,13432571,13432577,13432603,13432613,13432633,13432687,13432693,13432711,13432723,13432729,13432747,13432751,13432777,13432781,13432799,13432801,13432807,13432819,13432841,13432883,13432891,13432901,13432927,13432933,13432957,13432963,13432967,13432997,13432999,13433011,13433027,13433033,13433039,13433041,13433047,13433059,13433087,13433093,13433107,13433113,13433141,13433143,13433153,13433159,13433191,13433201,13433207,13433291,13433309,13433333,13433339,13433341,13433353,13433401,13433419,13433429,13433443,13433461,13433471,13433489,13433491,13433507,13433531,13433543,13433549,13433557,13433561,13433573,13433593,13433597,13433599,13433611,13433617,13433653,13433663,13433671,13433683,13433729,13433747,13433803,13433807,13433837,13433851,13433867,13433879,13433899,13433911,13433921,13433929,13433939,13433947,13433977,13433983,13433999,13434041,13434049,13434053,13434059,13434073,13434077,13434079,13434089,13434119,13434133,13434137,13434149,13434167,13434173,13434193,13434203,13434217,13434229,13434247,13434257,13434259,13434271,13434299,13434307,13434331,13434389,13434391,13434401,13434419,13434427,13434451,13434469,13434481,13434521,13434523,13434557,13434571,13434583,13434587,13434601,13434611,13434637,13434671,13434679,13434697,13434721,13434739,13434761,13434781,13434787,13434793,13434797,13434803,13434821,13434851,13434853,13434887,13434931,13434943,13434973,13434979,13434989,13434991,13435001,13435021,13435031,13435039,13435043,13435061,13435069,13435073,13435111,13435133,13435141,13435159,13435187,13435193,13435211,13435267,13435271,13435273,13435283,13435291,13435313,13435327,13435333,13435349,13435363,13435379,13435399,13435417,13435441,13435463,13435469,13435481,13435483,13435501,13435523,13435531,13435547,13435549,13435571,13435573,13435579,13435607,13435637,13435649,13435663,13435673,13435691,13435693,13435733,13435739,13435757,13435769,13435781,13435783,13435789,13435801,13435817,13435819,13435859,13435861,13435867,13435889,13435901,13435913,13435951,13435963,13435997,13436009,13436029,13436053,13436089,13436099,13436107,13436153,13436179,13436183,13436191,13436197,13436207,13436221,13436263,13436279,13436303,13436317,13436323,13436327,13436329,13436359,13436369,13436377,13436387,13436389,13436413,13436417,13436431,13436441,13436447,13436459,13436461,13436497,13436519,13436543,13436551,13436581,13436593,13436603,13436617,13436651,13436663,13436677,13436693,13436701,13436707,13436711,13436741,13436791,13436803,13436833,13436861,13436867,13436869,13436879,13436893,13436909,13436921,13436923,13436959,13436989,13436999,13437007,13437013,13437029,13437049,13437103,13437107,13437133,13437187,13437209,13437211,13437233,13437251,13437271,13437317,13437331,13437349,13437373,13437379,13437397,13437407,13437419,13437421,13437449,13437467,13437481,13437493,13437499,13437509,13437511,13437521,13437533,13437559,13437563,13437577,13437631,13437637,13437647,13437653,13437661,13437679,13437691,13437703,13437713,13437733,13437761,13437763,13437793,13437797,13437799,13437811,13437841,13437869,13437881,13437889,13437901,13437917,13437929,13437937,13437953,13437967,13437971,13438001,13438013,13438031,13438039,13438043,13438063,13438069,13438079,13438091,13438129,13438147,13438157,13438163,13438171,13438181,13438189,13438207,13438213,13438219,13438259,13438261,13438267,13438277,13438291,13438303,13438319,13438333,13438343,13438349,13438367,13438387,13438393,13438409,13438429,13438441,13438507,13438541,13438553,13438559,13438561,13438573,13438577,13438583,13438589,13438591,13438597,13438603,13438609,13438637,13438639,13438673,13438679,13438697,13438699,13438709,13438723,13438771,13438781,13438811,13438853,13438889,13438913,13438921,13438933,13438967,13438973,13438979,13439003,13439009,13439017,13439033,13439047,13439053,13439071,13439077,13439113,13439117,13439119,13439149,13439171,13439189,13439191,13439201,13439219,13439221,13439233,13439249,13439269,13439297,13439311,13439317,13439339,13439351,13439381,13439407,13439411,13439417,13439449,13439467,13439477,13439483,13439497,13439527,13439633,13439653,13439663,13439689,13439737,13439743,13439753,13439761,13439773,13439807,13439819,13439827,13439831,13439869,13439879,13439891,13439893,13439929,13439939,13440001,13440041,13440043,13440059,13440071,13440083,13440101,13440109,13440121,13440173,13440179,13440181,13440187,13440199,13440221,13440233,13440241,13440269,13440281,13440289,13440293,13440307,13440341,13440379,13440389,13440397,13440407,13440409,13440419,13440431,13440437,13440461,13440473,13440529,13440547,13440551,13440563,13440569,13440587,13440593,13440599,13440607,13440617,13440653,13440677,13440683,13440709,13440751,13440781,13440821,13440839,13440857,13440859,13440881,13440893,13440929,13440941,13440943,13440971,13440997,13441003,13441009,13441031,13441049,13441061,13441079,13441091,13441093,13441097,13441111,13441133,13441157,13441213,13441247,13441261,13441283,13441291,13441313,13441331,13441343,13441349,13441367,13441369,13441391,13441409,13441423,13441427,13441429,13441433,13441451,13441457,13441459,13441501,13441511,13441513,13441523,13441583,13441609,13441621,13441627,13441633,13441643,13441657,13441723,13441733,13441783,13441789,13441811,13441823,13441837,13441847,13441861,13441889,13441907,13441943,13441957,13441963,13442017,13442057,13442069,13442083,13442111,13442113,13442119,13442129,13442131,13442153,13442161,13442173,13442179,13442201,13442237,13442239,13442243,13442249,13442263,13442269,13442287,13442309,13442323,13442339,13442347,13442371,13442381,13442417,13442441,13442449,13442453,13442467,13442483,13442537,13442591,13442621,13442641,13442657,13442659,13442677,13442687,13442701,13442707,13442743,13442749,13442791,13442831,13442857,13442873,13442909,13442911,13442959,13442963,13442969,13442977,13442983,13442993,13443007,13443011,13443049,13443071,13443097,13443103,13443113,13443137,13443151,13443161,13443163,13443187,13443191,13443197,13443217,13443239,13443253,13443259,13443263,13443301,13443307,13443319,13443329,13443337,13443343,13443359,13443371,13443377,13443383,13443389,13443407,13443467,13443487,13443499,13443517,13443527,13443541,13443557,13443571,13443589,13443623,13443629,13443631,13443643,13443671,13443701,13443709,13443737,13443743,13443797,13443803,13443809,13443827,13443847,13443853,13443919,13443929,13443943,13443959,13443961,13443977,13443979,13444007,13444027,13444043,13444069,13444087,13444097,13444099,13444117,13444129,13444147,13444157,13444231,13444237,13444243,13444253,13444279,13444307,13444367,13444369,13444373,13444469,13444471,13444477,13444523,13444537,13444549,13444553,13444591,13444619,13444621,13444633,13444643,13444663,13444721,13444733,13444741,13444747,13444751,13444757,13444763,13444829,13444859,13444877,13444883,13444919,13444927,13444933,13444967,13444969,13444997,13444999,13445017,13445021,13445039,13445059,13445099,13445101,13445119,13445137,13445161,13445167,13445189,13445203,13445207,13445219,13445231,13445233,13445239,13445251,13445279,13445281,13445297,13445309,13445321,13445347,13445353,13445371,13445389,13445429,13445459,13445489,13445503,13445519,13445527,13445539,13445543,13445557,13445561,13445567,13445573,13445587,13445629,13445633,13445659,13445683,13445717,13445737,13445741,13445791,13445813,13445843,13445851,13445893,13445899,13445921,13445933,13445959,13445969,13446001,13446011,13446023,13446049,13446061,13446101,13446107,13446119,13446137,13446161,13446211,13446217,13446239,13446241,13446247,13446263,13446271,13446287,13446289,13446299,13446317,13446373,13446383,13446437,13446449,13446463,13446469,13446481,13446493,13446523,13446533,13446551,13446569,13446599,13446611,13446613,13446617,13446679,13446709,13446739,13446751,13446767,13446781,13446791,13446809,13446817,13446821,13446859,13446863,13446883,13446899,13446929,13446931,13446977,13446989,13446991,13447037,13447043,13447067,13447069,13447073,13447121,13447127,13447151,13447163,13447171,13447183,13447199,13447201,13447219,13447223,13447237,13447279,13447297,13447309,13447321,13447327,13447331,13447349,13447351,13447363,13447367,13447373,13447393,13447409,13447477,13447487,13447501,13447507,13447517,13447541,13447547,13447589,13447627,13447639,13447667,13447669,13447673,13447699,13447703,13447711,13447717,13447729,13447739,13447741,13447747,13447751,13447787,13447829,13447843,13447853,13447859,13447871,13447873,13447879,13447883,13447891,13447919,13447921,13447927,13447937,13447943,13447957,13447961,13447963,13447997,13448011,13448021,13448023,13448027,13448033,13448051,13448053,13448059,13448101,13448107,13448147,13448159,13448179,13448189,13448191,13448209,13448231,13448233,13448269,13448297,13448299,13448317,13448321,13448339,13448359,13448387,13448417,13448419,13448429,13448459,13448467,13448471,13448473,13448497,13448521,13448543,13448557,13448563,13448569,13448579,13448597,13448621,13448623,13448639,13448651,13448653,13448657,13448693,13448707,13448737,13448783,13448791,13448833,13448839,13448849,13448899,13448923,13448927,13448957,13448959,13448969,13448971,13448987,13448999,13449001,13449047,13449049,13449077,13449103,13449113,13449119,13449143,13449157,13449179,13449199,13449209,13449211,13449221,13449253,13449259,13449263,13449269,13449277,13449281,13449287,13449311,13449323,13449343,13449349,13449361,13449383,13449391,13449409,13449421,13449433,13449467,13449509,13449521,13449529,13449551,13449563,13449571,13449577,13449589,13449607,13449617,13449677,13449697,13449727,13449749,13449767,13449809,13449827,13449851,13449859,13449883,13449889,13449899,13449911,13449937,13449949,13449971,13449973,13449979,13450039,13450061,13450079,13450093,13450097,13450109,13450121,13450123,13450127,13450133,13450159,13450201,13450207,13450219,13450223,13450237,13450243,13450253,13450259,13450267,13450301,13450313,13450321,13450361,13450369,13450397,13450427,13450429,13450433,13450441,13450457,13450477,13450487,13450511,13450517,13450531,13450571,13450589,13450603,13450631,13450637,13450639,13450663,13450669,13450673,13450733,13450741,13450781,13450819,13450831,13450861,13450889,13450901,13450903,13450909,13450919,13450937,13450999,13451003,13451033,13451051,13451101,13451111,13451143,13451149,13451153,13451167,13451173,13451197,13451201,13451203,13451209,13451213,13451219,13451237,13451257,13451279,13451287,13451299,13451309,13451311,13451329,13451359,13451381,13451401,13451413,13451419,13451429,13451441,13451467,13451479,13451497,13451513,13451617,13451629,13451653,13451663,13451693,13451707,13451741,13451773,13451797,13451807,13451821,13451827,13451833,13451891,13451899,13451909,13451953,13451959,13451993,13452001,13452013,13452037,13452067,13452071,13452073,13452091,13452113,13452121,13452139,13452161,13452181,13452211,13452319,13452337,13452343,13452353,13452359,13452403,13452409,13452431,13452443,13452479,13452487,13452499,13452503,13452533,13452547,13452577,13452601,13452613,13452623,13452629,13452641,13452683,13452689,13452697,13452731,13452739,13452743,13452773,13452811,13452821,13452841,13452871,13452883,13452911,13452913,13452917,13452919,13452947,13452949,13453021,13453049,13453073,13453081,13453087,13453093,13453117,13453127,13453133,13453157,13453177,13453201,13453213,13453247,13453249,13453259,13453261,13453267,13453283,13453313,13453337,13453339,13453351,13453369,13453373,13453381,13453397,13453457,13453469,13453481,13453493,13453499,13453513,13453523,13453541,13453547,13453589,13453591,13453603,13453631,13453633,13453637,13453669,13453697,13453723,13453747,13453753,13453763,13453777,13453787,13453807,13453823,13453877,13453879,13453901,13453931,13453939,13453961,13453967,13453981,13453991,13454009,13454017,13454047,13454053,13454059,13454081,13454087,13454101,13454107,13454113,13454131,13454137,13454153,13454159,13454179,13454201,13454213,13454237,13454239,13454249,13454257,13454263,13454269,13454281,13454297,13454303,13454339,13454351,13454377,13454387,13454393,13454401,13454423,13454443,13454447,13454449,13454459,13454477,13454491,13454533,13454611,13454621,13454629,13454653,13454671,13454681,13454687,13454699,13454711,13454719,13454723,13454731,13454741,13454759,13454767,13454801,13454809,13454843,13454863,13454867,13454887,13454921,13454923,13454941,13454963,13454981,13454989,13454999,13455017,13455037,13455049,13455053,13455067,13455073,13455089,13455103,13455107,13455131,13455149,13455179,13455187,13455191,13455223,13455263,13455293,13455307,13455311,13455317,13455329,13455331,13455341,13455349,13455367,13455397,13455413,13455443,13455467,13455473,13455479,13455493,13455511,13455527,13455539,13455577,13455641,13455647,13455661,13455697,13455703,13455709,13455719,13455727,13455731,13455733,13455737,13455769,13455773,13455779,13455787,13455853,13455881,13455887,13455907,13455917,13455931,13455979,13455997,13456013,13456021,13456039,13456057,13456099,13456109,13456151,13456193,13456211,13456249,13456253,13456259,13456273,13456279,13456283,13456327,13456337,13456343,13456349,13456363,13456439,13456453,13456477,13456483,13456501,13456507,13456529,13456561,13456577,13456589,13456591,13456603,13456607,13456613,13456631,13456643,13456649,13456657,13456687,13456691,13456739,13456799,13456811,13456819,13456823,13456829,13456853,13456867,13456871,13456879,13456901,13456903,13456931,13456943,13456951,13456973,13456987,13456999,13457009,13457021,13457029,13457063,13457077,13457123,13457137,13457161,13457167,13457173,13457201,13457209,13457219,13457239,13457243,13457261,13457273,13457293,13457309,13457321,13457329,13457333,13457351,13457357,13457383,13457401,13457407,13457417,13457429,13457449,13457473,13457501,13457513,13457519,13457527,13457533,13457551,13457579,13457593,13457597,13457611,13457629,13457713,13457747,13457749,13457767,13457831,13457849,13457879,13457891,13457923,13457971,13457987,13457989,13457993,13458007,13458017,13458019,13458031,13458041,13458043,13458079,13458091,13458113,13458143,13458161,13458173,13458191,13458199,13458217,13458227,13458229,13458239,13458241,13458259,13458281,13458283,13458293,13458299,13458301,13458307,13458311,13458323,13458331,13458337,13458377,13458383,13458391,13458437,13458439,13458443,13458461,13458481,13458493,13458521,13458539,13458541,13458563,13458583,13458587,13458589,13458623,13458637,13458649,13458691,13458721,13458727,13458737,13458761,13458793,13458799,13458827,13458829,13458839,13458853,13458889,13458899,13458901,13458911,13458919,13458923,13458941,13458943,13458971,13458989,13458997,13459001,13459007,13459013,13459067,13459081,13459097,13459109,13459133,13459141,13459181,13459207,13459213,13459247,13459253,13459273,13459279,13459283,13459289,13459307,13459331,13459337,13459339,13459349,13459351,13459367,13459409,13459447,13459463,13459469,13459471,13459477,13459483,13459489,13459499,13459507,13459517,13459553,13459561,13459591,13459613,13459639,13459643,13459651,13459661,13459709,13459717,13459723,13459727,13459739,13459753,13459759,13459819,13459837,13459871,13459877,13459879,13459889,13459891,13459951,13459981,13459993,13459997,13460003,13460009,13460017,13460023,13460047,13460053,13460059,13460063,13460071,13460087,13460101,13460123,13460131,13460149,13460159,13460191,13460197,13460203,13460207,13460269,13460287,13460297,13460309,13460327,13460339,13460347,13460351,13460353,13460383,13460389,13460401,13460407,13460411,13460429,13460431,13460441,13460453,13460483,13460509,13460521,13460527,13460609,13460639,13460641,13460647,13460663,13460693,13460717,13460723,13460729,13460747,13460749,13460779,13460801,13460803,13460807,13460831,13460861,13460893,13460897,13460917,13460929,13460939,13460969,13460971,13460989,13460999,13461011,13461031,13461061,13461083,13461131,13461137,13461143,13461157,13461199,13461221,13461241,13461271,13461277,13461281,13461289,13461313,13461319,13461323,13461341,13461353,13461359,13461361,13461373,13461397,13461421,13461431,13461449,13461457,13461479,13461491,13461493,13461551,13461559,13461587,13461593,13461611,13461631,13461659,13461677,13461683,13461689,13461697,13461727,13461737,13461751,13461761,13461809,13461863,13461869,13461901,13461913,13461919,13461941,13461949,13461979,13461983,13462021,13462073,13462087,13462121,13462171,13462187,13462201,13462213,13462231,13462247,13462297,13462303,13462313,13462321,13462331,13462343,13462349,13462357,13462369,13462373,13462387,13462399,13462439,13462447,13462451,13462457,13462489,13462499,13462513,13462531,13462571,13462573,13462591,13462607,13462619,13462663,13462693,13462703,13462721,13462723,13462747,13462777,13462781,13462789,13462817,13462819,13462831,13462837,13462877,13462909,13462919,13462927,13462951,13462993,13463041,13463059,13463063,13463071,13463081,13463111,13463117,13463173,13463183,13463239,13463243,13463251,13463273,13463287,13463299,13463321,13463327,13463339,13463357,13463363,13463377,13463413,13463467,13463477,13463497,13463509,13463521,13463531,13463543,13463561,13463563,13463591,13463617,13463629,13463633,13463657,13463683,13463689,13463693,13463701,13463729,13463731,13463767,13463797,13463803,13463833,13463861,13463887,13463897,13463911,13463921,13463929,13463939,13463953,13463959,13463969,13463971,13463987,13463999,13464023,13464053,13464079,13464083,13464097,13464109,13464127,13464169,13464197,13464233,13464239,13464251,13464271,13464281,13464287,13464299,13464301,13464313,13464349,13464379,13464383,13464389,13464397,13464403,13464431,13464433,13464463,13464481,13464533,13464541,13464551,13464553,13464587,13464589,13464593,13464599,13464601,13464617,13464623,13464643,13464691,13464727,13464761,13464797,13464817,13464823,13464827,13464859,13464877,13464883,13464973,13464989,13464991,13465009,13465073,13465093,13465099,13465117,13465121,13465141,13465159,13465163,13465181,13465187,13465213,13465217,13465229,13465259,13465297,13465301,13465307,13465351,13465369,13465379,13465381,13465399,13465451,13465477,13465481,13465489,13465519,13465523,13465531,13465553,13465559,13465561,13465591,13465601,13465609,13465619,13465631,13465643,13465663,13465667,13465679,13465693,13465703,13465709,13465723,13465729,13465757,13465759,13465783,13465807,13465847,13465877,13465913,13465939,13465951,13465957,13465961,13465973,13465979,13465993,13466051,13466053,13466071,13466083,13466087,13466093,13466099,13466137,13466143,13466161,13466203,13466209,13466239,13466251,13466279,13466281,13466291,13466303,13466309,13466347,13466351,13466359,13466371,13466381,13466417,13466429,13466441,13466443,13466447,13466461,13466489,13466503,13466507,13466521,13466539,13466627,13466639,13466647,13466659,13466683,13466693,13466743,13466767,13466773,13466777,13466807,13466851,13466861,13466867,13466881,13466917,13466923,13466951,13466969,13466977,13466987,13466993,13467019,13467023,13467053,13467061,13467071,13467073,13467089,13467101,13467109,13467119,13467131,13467133,13467137,13467151,13467173,13467187,13467191,13467199,13467217,13467241,13467253,13467269,13467271,13467283,13467301,13467319,13467323,13467343,13467359,13467373,13467401,13467407,13467413,13467437,13467439,13467473,13467479,13467481,13467491,13467499,13467529,13467533,13467563,13467611,13467613,13467647,13467653,13467677,13467691,13467731,13467739,13467743,13467749,13467761,13467767,13467793,13467821,13467823,13467833,13467863,13467899,13467913,13467929,13467947,13467997,13468001,13468003,13468019,13468027,13468031,13468033,13468067,13468069,13468079,13468109,13468163,13468181,13468187,13468219,13468237,13468243,13468289,13468297,13468303,13468337,13468339,13468349,13468381,13468393,13468421,13468423,13468439,13468447,13468453,13468457,13468463,13468489,13468513,13468517,13468537,13468577,13468597,13468613,13468627,13468661,13468667,13468669,13468687,13468699,13468711,13468727,13468729,13468751,13468757,13468759,13468769,13468783,13468801,13468813,13468843,13468859,13468867,13468877,13468883,13468901,13468907,13468909,13468919,13468927,13468937,13468969,13468979,13468997,13469009,13469023,13469047,13469059,13469063,13469069,13469101,13469107,13469123,13469143,13469167,13469177,13469231,13469243,13469257,13469293,13469297,13469341,13469353,13469359,13469371,13469377,13469387,13469399,13469419,13469441,13469459,13469483,13469509,13469549,13469557,13469563,13469567,13469569,13469581,13469587,13469611,13469629,13469639,13469657,13469669,13469761,13469767,13469773,13469809,13469849,13469851,13469867,13469921,13469923,13469969,13469971,13469983,13469999,13470011,13470077,13470091,13470101,13470131,13470133,13470139,13470143,13470167,13470169,13470173,13470187,13470199,13470229,13470241,13470253,13470277,13470311,13470323,13470361,13470367,13470371,13470383,13470389,13470397,13470403,13470419,13470437,13470439,13470463,13470473,13470491,13470497,13470521,13470539,13470557,13470593,13470631,13470637,13470641,13470661,13470671,13470679,13470689,13470697,13470719,13470727,13470731,13470767,13470781,13470803,13470823,13470827,13470839,13470857,13470871,13470883,13470889,13470913,13470929,13470931,13470937,13470949,13470967,13471009,13471013,13471033,13471037,13471049,13471067,13471091,13471097,13471103,13471121,13471127,13471141,13471147,13471153,13471189,13471223,13471243,13471253,13471273,13471291,13471303,13471309,13471313,13471331,13471349,13471351,13471357,13471363,13471373,13471379,13471387,13471397,13471417,13471433,13471439,13471477,13471483,13471501,13471511,13471519,13471547,13471553,13471559,13471561,13471607,13471609,13471613,13471643,13471669,13471693,13471727,13471729,13471781,13471793,13471819,13471867,13471873,13471877,13471889,13471907,13471919,13471967,13471981,13471987,13471993,13471999,13472003,13472009,13472021,13472059,13472093,13472161,13472219,13472243,13472267,13472281,13472309,13472317,13472323,13472339,13472341,13472351,13472353,13472359,13472363,13472377,13472401,13472413,13472419,13472429,13472453,13472467,13472479,13472497,13472527,13472531,13472533,13472573,13472579,13472593,13472603,13472609,13472611,13472639,13472647,13472659,13472663,13472671,13472681,13472689,13472707,13472737,13472741,13472743,13472749,13472777,13472801,13472813,13472821,13472839,13472863,13472867,13472873,13472903,13472929,13472933,13472939,13472947,13472999,13473001,13473007,13473011,13473013,13473029,13473037,13473043,13473113,13473167,13473169,13473191,13473209,13473221,13473247,13473283,13473293,13473301,13473311,13473323,13473353,13473359,13473373,13473433,13473463,13473479,13473517,13473521,13473563,13473569,13473589,13473601,13473611,13473613,13473643,13473667,13473689,13473721,13473751,13473787,13473833,13473841,13473851,13473853,13473857,13473899,13473919,13473949,13473959,13473973,13473989,13473991,13473997,13474033,13474037,13474051,13474063,13474073,13474099,13474129,13474141,13474171,13474177,13474193,13474207,13474213,13474247,13474259,13474261,13474273,13474277,13474283,13474291,13474301,13474339,13474369,13474379,13474381,13474397,13474399,13474411,13474423,13474427,13474453,13474463,13474501,13474543,13474547,13474607,13474613,13474631,13474639,13474651,13474661,13474709,13474723,13474733,13474753,13474789,13474817,13474823,13474837,13474843,13474847,13474861,13474873,13474883,13474889,13474891,13474913,13474921,13475003,13475023,13475057,13475071,13475087,13475129,13475131,13475149,13475159,13475167,13475177,13475201,13475207,13475233,13475249,13475251,13475257,13475279,13475291,13475317,13475321,13475333,13475369,13475419,13475431,13475443,13475477,13475507,13475519,13475533,13475549,13475551,13475563,13475569,13475573,13475599,13475603,13475639,13475647,13475653,13475689,13475701,13475717,13475719,13475753,13475771,13475809,13475827,13475851,13475863,13475867,13475879,13475893,13475909,13475927,13475929,13475933,13475971,13475977,13475989,13476031,13476037,13476049,13476083,13476109,13476119,13476143,13476161,13476163,13476173,13476193,13476209,13476233,13476247,13476269,13476277,13476283,13476299,13476317,13476319,13476341,13476343,13476347,13476361,13476371,13476389,13476401,13476403,13476431,13476443,13476497,13476511,13476517,13476521,13476523,13476539,13476557,13476569,13476571,13476583,13476601,13476613,13476629,13476641,13476649,13476653,13476679,13476691,13476703,13476713,13476739,13476773,13476779,13476797,13476803,13476809,13476811,13476817,13476821,13476907,13476923,13476941,13476949,13476977,13476979,13477001,13477019,13477021,13477031,13477043,13477049,13477063,13477091,13477097,13477147,13477159,13477183,13477201,13477207,13477223,13477231,13477237,13477249,13477259,13477271,13477273,13477283,13477319,13477349,13477363,13477369,13477427,13477463,13477469,13477483,13477493,13477501,13477507,13477511,13477531,13477553,13477567,13477571,13477573,13477577,13477589,13477601,13477627,13477661,13477687,13477691,13477693,13477699,13477703,13477727,13477733,13477759,13477781,13477799,13477813,13477817,13477819,13477829,13477831,13477843,13477907,13477939,13477949,13477951,13477967,13477969,13477987,13477993,13477999,13478021,13478029,13478033,13478051,13478077,13478081,13478089,13478117,13478119,13478123,13478131,13478141,13478159,13478173,13478183,13478191,13478203,13478251,13478261,13478281,13478291,13478303,13478317,13478321,13478329,13478341,13478363,13478371,13478389,13478401,13478431,13478447,13478473,13478497,13478503,13478513,13478537,13478539,13478557,13478561,13478567,13478611,13478623,13478639,13478653,13478669,13478677,13478681,13478701,13478723,13478747,13478761,13478779,13478797,13478833,13478837,13478849,13478863,13478869,13478887,13478903,13478911,13478917,13478929,13478953,13478957,13478981,13479001,13479031,13479043,13479077,13479107,13479133,13479143,13479163,13479187,13479233,13479241,13479259,13479299,13479329,13479343,13479391,13479397,13479407,13479409,13479439,13479463,13479467,13479469,13479491,13479497,13479503,13479509,13479527,13479547,13479559,13479601,13479643,13479659,13479677,13479709,13479727,13479731,13479737,13479743,13479779,13479821,13479871,13479889,13479913,13479943,13479979,13480003,13480013,13480037,13480039,13480043,13480057,13480087,13480111,13480121,13480123,13480141,13480147,13480151,13480153,13480163,13480169,13480171,13480183,13480189,13480193,13480219,13480237,13480241,13480283,13480289,13480301,13480307,13480309,13480339,13480343,13480361,13480403,13480409,13480427,13480429,13480463,13480499,13480501,13480517,13480529,13480549,13480613,13480627,13480657,13480667,13480693,13480697,13480721,13480729,13480757,13480763,13480771,13480781,13480799,13480807,13480843,13480867,13480879,13480891,13480979,13480981,13480991,13480997,13481021,13481047,13481053,13481077,13481081,13481099,13481107,13481131,13481141,13481161,13481173,13481189,13481207,13481227,13481257,13481261,13481269,13481287,13481309,13481327,13481329,13481383,13481399,13481401,13481407,13481417,13481443,13481477,13481569,13481591,13481597,13481609,13481617,13481627,13481639,13481681,13481687,13481701,13481711,13481719,13481729,13481753,13481761,13481771,13481777,13481779,13481789,13481791,13481813,13481821,13481827,13481843,13481851,13481861,13481863,13481873,13481879,13481899,13481921,13481927,13481929,13481947,13481971,13481999,13482019,13482041,13482043,13482047,13482059,13482083,13482103,13482109,13482137,13482181,13482197,13482199,13482221,13482223,13482239,13482253,13482257,13482269,13482277,13482283,13482289,13482331,13482341,13482353,13482367,13482383,13482397,13482433,13482451,13482461,13482463,13482473,13482487,13482523,13482529,13482559,13482569,13482587,13482641,13482643,13482671,13482691,13482713,13482719,13482731,13482773,13482811,13482827,13482839,13482841,13482863,13482869,13482893,13482907,13482919,13482929,13482943,13482977,13482983,13483039,13483049,13483051,13483069,13483073,13483117,13483121,13483153,13483157,13483189,13483199,13483201,13483229,13483237,13483241,13483247,13483303,13483333,13483339,13483373,13483387,13483423,13483441,13483453,13483487,13483489,13483507,13483511,13483513,13483531,13483537,13483607,13483609,13483619,13483621,13483633,13483649,13483697,13483741,13483751,13483759,13483763,13483777,13483781,13483807,13483829,13483831,13483837,13483859,13483871,13483879,13483909,13483933,13483937,13483963,13483979,13483991,13483993,13483999,13484011,13484017,13484047,13484057,13484071,13484099,13484113,13484117,13484131,13484171,13484183,13484189,13484201,13484221,13484231,13484257,13484267,13484269,13484291,13484299,13484311,13484389,13484407,13484423,13484437,13484447,13484459,13484467,13484483,13484489,13484491,13484503,13484521,13484551,13484557,13484561,13484567,13484579,13484591,13484617,13484641,13484663,13484683,13484719,13484729,13484741,13484743,13484759,13484771,13484789,13484803,13484819,13484833,13484839,13484857,13484873,13484879,13484881,13484897,13484903,13484917,13484951,13484957,13484993,13485007,13485019,13485049,13485053,13485089,13485091,13485113,13485119,13485127,13485167,13485169,13485179,13485211,13485253,13485257,13485281,13485289,13485299,13485313,13485347,13485349,13485361,13485391,13485431,13485443,13485449,13485457,13485469,13485487,13485491,13485499,13485503,13485553,13485557,13485587,13485601,13485623,13485671,13485673,13485677,13485683,13485701,13485721,13485737,13485739,13485781,13485793,13485803,13485809,13485821,13485833,13485847,13485859,13485863,13485881,13485883,13485887,13485907,13485917,13485929,13485931,13485943,13485949,13485971,13485973,13485977,13486001,13486013,13486051,13486061,13486079,13486087,13486091,13486097,13486103,13486111,13486127,13486141,13486163,13486177,13486217,13486223,13486289,13486309,13486313,13486331,13486337,13486339,13486357,13486367,13486373,13486393,13486399,13486411,13486427,13486453,13486469,13486471,13486483,13486507,13486513,13486547,13486591,13486597,13486619,13486621,13486639,13486657,13486687,13486699,13486703,13486709,13486721,13486723,13486741,13486747,13486757,13486777,13486787,13486799,13486813,13486841,13486859,13486861,13486871,13486927,13486937,13486951,13486997,13486999,13487021,13487027,13487051,13487053,13487057,13487063,13487081,13487101,13487107,13487119,13487141,13487147,13487153,13487183,13487197,13487213,13487249,13487267,13487293,13487297,13487323,13487339,13487377,13487381,13487389,13487393,13487437,13487447,13487479,13487501,13487519,13487521,13487531,13487557,13487561,13487563,13487597,13487603,13487609,13487611,13487627,13487633,13487651,13487707,13487711,13487717,13487723,13487737,13487779,13487801,13487807,13487819,13487849,13487857,13487863,13487879,13487899,13487909,13487911,13487921,13487923,13487963,13487977,13487983,13487993,13488001,13488037,13488071,13488073,13488127,13488149,13488173,13488203,13488263,13488269,13488287,13488311,13488337,13488359,13488401,13488427,13488479,13488487,13488491,13488533,13488547,13488551,13488589,13488623,13488647,13488653,13488661,13488691,13488703,13488719,13488737,13488763,13488773,13488779,13488781,13488791,13488809,13488823,13488847,13488863,13488889,13488899,13488901,13488913,13488919,13488941,13488949,13488961,13488997,13489037,13489067,13489079,13489081,13489087,13489093,13489097,13489103,13489117,13489121,13489129,13489139,13489163,13489187,13489193,13489213,13489271,13489291,13489319,13489327,13489331,13489351,13489393,13489429,13489481,13489529,13489537,13489549,13489561,13489603,13489607,13489621,13489631,13489649,13489657,13489667,13489691,13489699,13489733,13489769,13489781,13489783,13489837,13489841,13489849,13489873,13489909,13489913,13489919,13489921,13489963,13490023,13490033,13490039,13490051,13490083,13490101,13490117,13490123,13490137,13490153,13490159,13490179,13490201,13490203,13490207,13490221,13490227,13490233,13490251,13490293,13490297,13490329,13490339,13490341,13490357,13490359,13490371,13490377,13490413,13490417,13490419,13490471,13490479,13490509,13490573,13490591,13490623,13490629,13490641,13490657,13490669,13490677,13490689,13490717,13490723,13490747,13490759,13490767,13490791,13490803,13490879,13490947,13490959,13490987,13490993,13491001,13491011,13491019,13491029,13491073,13491089,13491109,13491113,13491131,13491143,13491161,13491211,13491223,13491227,13491241,13491259,13491281,13491301,13491323,13491341,13491371,13491377,13491389,13491403,13491433,13491437,13491449,13491451,13491461,13491469,13491497,13491509,13491529,13491563,13491571,13491581,13491587,13491601,13491607,13491613,13491617,13491619,13491629,13491677,13491689,13491697,13491703,13491721,13491743,13491811,13491817,13491833,13491853,13491859,13491871,13491887,13491889,13491893,13491937,13491953,13491967,13491971,13491977,13491979,13491983,13491997,13492009,13492019,13492027,13492043,13492057,13492091,13492093,13492103,13492111,13492117,13492121,13492123,13492139,13492151,13492177,13492181,13492183,13492187,13492207,13492217,13492229,13492247,13492249,13492253,13492273,13492289,13492307,13492319,13492327,13492351,13492361,13492363,13492387,13492429,13492433,13492439,13492459,13492463,13492477,13492481,13492487,13492519,13492537,13492541,13492547,13492561,13492571,13492573,13492597,13492601,13492613,13492621,13492631,13492637,13492643,13492681,13492693,13492709,13492723,13492733,13492741,13492751,13492763,13492799,13492811,13492837,13492873,13492889,13492891,13492933,13492937,13492961,13492981,13492987,13493027,13493041,13493047,13493069,13493071,13493083,13493093,13493113,13493119,13493159,13493167,13493177,13493213,13493231,13493237,13493251,13493269,13493273,13493281,13493299,13493321,13493327,13493329,13493351,13493353,13493377,13493399,13493407,13493411,13493413,13493423,13493453,13493521,13493531,13493533,13493569,13493603,13493609,13493639,13493647,13493651,13493659,13493681,13493693,13493707,13493719,13493759,13493771,13493807,13493833,13493861,13493899,13493941,13493947,13493951,13493957,13493983,13493989,13493999,13494037,13494049,13494053,13494071,13494097,13494109,13494119,13494139,13494149,13494157,13494167,13494181,13494191,13494203,13494241,13494287,13494293,13494301,13494317,13494319,13494329,13494337,13494391,13494401,13494409,13494419,13494431,13494449,13494461,13494487,13494493,13494497,13494511,13494521,13494563,13494571,13494577,13494581,13494589,13494619,13494653,13494667,13494673,13494709,13494713,13494727,13494743,13494749,13494763,13494779,13494791,13494797,13494839,13494857,13494869,13494907,13494917,13494919,13494941,13494953,13494961,13494967,13494977,13494979,13494983,13495033,13495049,13495051,13495057,13495081,13495087,13495099,13495133,13495151,13495189,13495193,13495241,13495243,13495267,13495283,13495289,13495309,13495351,13495357,13495367,13495379,13495381,13495387,13495393,13495403,13495409,13495423,13495429,13495441,13495499,13495511,13495561,13495591,13495597,13495619,13495631,13495663,13495709,13495711,13495723,13495753,13495763,13495777,13495789,13495793,13495799,13495829,13495843,13495849,13495897,13495919,13495931,13495939,13495957,13495961,13495967,13495969,13496033,13496051,13496081,13496089,13496143,13496159,13496173,13496201,13496207,13496233,13496243,13496261,13496267,13496269,13496293,13496299,13496303,13496321,13496323,13496333,13496341,13496359,13496363,13496369,13496383,13496387,13496393,13496401,13496407,13496411,13496443,13496447,13496449,13496471,13496477,13496507,13496533,13496551,13496557,13496579,13496611,13496617,13496647,13496689,13496701,13496737,13496741,13496753,13496843,13496851,13496863,13496947,13496953,13497007,13497013,13497041,13497073,13497079,13497097,13497101,13497109,13497149,13497181,13497191,13497199,13497221,13497257,13497271,13497283,13497299,13497311,13497329,13497331,13497347,13497359,13497373,13497401,13497403,13497443,13497461,13497469,13497503,13497509,13497529,13497551,13497553,13497559,13497577,13497587,13497593,13497599,13497611,13497623,13497629,13497641,13497667,13497683,13497689,13497707,13497719,13497727,13497749,13497769,13497791,13497811,13497817,13497821,13497851,13497863,13497877,13497899,13497917,13497929,13497931,13497937,13497997,13498013,13498049,13498057,13498063,13498073,13498091,13498097,13498099,13498123,13498127,13498159,13498181,13498201,13498223,13498231,13498249,13498271,13498279,13498283,13498291,13498301,13498321,13498327,13498339,13498351,13498393,13498399,13498439,13498453,13498469,13498477,13498501,13498559,13498567,13498577,13498579,13498619,13498621,13498643,13498657,13498687,13498739,13498741,13498753,13498763,13498783,13498801,13498813,13498829,13498831,13498841,13498847,13498853,13498879,13498889,13498909,13498921,13498939,13498973,13498993,13499027,13499029,13499039,13499053,13499081,13499089,13499099,13499107,13499113,13499131,13499149,13499179,13499201,13499221,13499231,13499237,13499257,13499261,13499267,13499273,13499279,13499281,13499303,13499327,13499371,13499399,13499401,13499407,13499449,13499461,13499491,13499501,13499503,13499509,13499531,13499543,13499611,13499623,13499627,13499639,13499659,13499677,13499687,13499693,13499699,13499713,13499729,13499737,13499741,13499753,13499777,13499791,13499797,13499803,13499831,13499833,13499839,13499851,13499879,13499881,13499891,13499903,13499929,13499933,13499939,13499999,13500007,13500037,13500049,13500059,13500061,13500077,13500119,13500121,13500131,13500133,13500163,13500173,13500209,13500211,13500259,13500269,13500271,13500281,13500307,13500343,13500353,13500373,13500419,13500427,13500451,13500463,13500479,13500491,13500493,13500551,13500589,13500611,13500623,13500647,13500649,13500661,13500679,13500691,13500733,13500749,13500761,13500769,13500827,13500833,13500853,13500857,13500859,13500869,13500881,13500889,13500899,13500917,13500919,13500923,13500937,13500943,13500953,13500959,13500961,13500983,13500997,13501003,13501031,13501051,13501057,13501063,13501073,13501087,13501091,13501099,13501109,13501129,13501141,13501193,13501219,13501249,13501291,13501297,13501321,13501331,13501339,13501351,13501357,13501387,13501393,13501409,13501421,13501427,13501447,13501471,13501489,13501511,13501517,13501531,13501547,13501561,13501577,13501589,13501597,13501603,13501637,13501661,13501673,13501681,13501687,13501703,13501727,13501729,13501739,13501753,13501819,13501841,13501867,13501877,13501883,13501919,13501921,13501949,13501963,13501979,13501987,13501993,13502011,13502089,13502107,13502123,13502147,13502171,13502189,13502201,13502249,13502263,13502273,13502287,13502341,13502351,13502353,13502383,13502389,13502393,13502413,13502417,13502459,13502479,13502491,13502501,13502519,13502537,13502543,13502549,13502557,13502561,13502611,13502623,13502627,13502647,13502663,13502693,13502707,13502773,13502789,13502821,13502833,13502837,13502849,13502861,13502869,13502897,13502911,13502927,13502933,13502941,13502953,13502963,13502999,13503013,13503041,13503059,13503071,13503089,13503101,13503103,13503121,13503137,13503157,13503163,13503179,13503199,13503211,13503221,13503229,13503239,13503251,13503283,13503311,13503313,13503317,13503331,13503341,13503377,13503401,13503407,13503421,13503437,13503449,13503463,13503481,13503487,13503493,13503521,13503527,13503533,13503541,13503563,13503577,13503583,13503587,13503601,13503619,13503629,13503641,13503653,13503667,13503671,13503673,13503709,13503713,13503733,13503751,13503757,13503761,13503767,13503769,13503773,13503781,13503793,13503803,13503811,13503823,13503827,13503859,13503863,13503871,13503877,13503887,13503907,13503913,13503943,13503949,13503977,13503983,13503991,13504033,13504039,13504091,13504093,13504109,13504157,13504159,13504163,13504177,13504187,13504219,13504259,13504277,13504301,13504331,13504399,13504411,13504423,13504429,13504471,13504481,13504483,13504487,13504493,13504507,13504529,13504531,13504541,13504549,13504571,13504597,13504643,13504661,13504679,13504717,13504727,13504739,13504753,13504759,13504793,13504819,13504859,13504861,13504901,13504903,13504943,13504999,13505033,13505059,13505077,13505099,13505137,13505147,13505153,13505171,13505189,13505197,13505201,13505207,13505227,13505263,13505267,13505281,13505291,13505299,13505321,13505353,13505357,13505363,13505377,13505381,13505411,13505413,13505423,13505431,13505449,13505501,13505507,13505519,13505521,13505537,13505551,13505563,13505567,13505573,13505581,13505593,13505641,13505663,13505671,13505717,13505719,13505743,13505747,13505759,13505771,13505773,13505783,13505809,13505813,13505857,13505897,13505911,13505923,13505983,13505993,13506001,13506011,13506019,13506029,13506047,13506067,13506079,13506091,13506113,13506127,13506139,13506151,13506161,13506187,13506197,13506209,13506217,13506277,13506293,13506301,13506307,13506319,13506331,13506371,13506379,13506391,13506413,13506439,13506481,13506509,13506523,13506527,13506529,13506541,13506557,13506583,13506599,13506613,13506617,13506631,13506637,13506641,13506643,13506667,13506683,13506697,13506707,13506733,13506737,13506751,13506767,13506791,13506821,13506833,13506841,13506863,13506877,13506881,13506893,13506901,13506923,13506949,13506973,13507009,13507019,13507037,13507057,13507073,13507121,13507139,13507201,13507211,13507213,13507223,13507237,13507259,13507313,13507343,13507349,13507363,13507369,13507379,13507381,13507387,13507393,13507399,13507411,13507427,13507433,13507447,13507451,13507477,13507493,13507511,13507517,13507531,13507567,13507577,13507579,13507583,13507589,13507609,13507631,13507643,13507717,13507721,13507751,13507757,13507759,13507777,13507799,13507801,13507829,13507861,13507867,13507883,13507889,13507903,13507927,13507931,13507957,13507961,13507987,13507999,13508003,13508017,13508021,13508029,13508051,13508087,13508111,13508119,13508137,13508161,13508189,13508203,13508207,13508213,13508233,13508303,13508323,13508329,13508357,13508371,13508377,13508401,13508413,13508423,13508471,13508477,13508497,13508507,13508527,13508533,13508597,13508603,13508617,13508623,13508669,13508689,13508701,13508731,13508771,13508779,13508783,13508801,13508813,13508819,13508821,13508849,13508879,13508917,13508927,13508933,13508969,13508977,13508987,13509031,13509059,13509061,13509077,13509091,13509109,13509127,13509179,13509187,13509191,13509217,13509229,13509233,13509253,13509269,13509281,13509283,13509299,13509313,13509317,13509337,13509341,13509343,13509359,13509367,13509401,13509413,13509443,13509467,13509473,13509479,13509497,13509511,13509527,13509557,13509593,13509607,13509619,13509631,13509641,13509649,13509653,13509673,13509677,13509689,13509757,13509803,13509823,13509829,13509833,13509857,13509863,13509871,13509889,13509913,13509919,13509943,13509967,13509971,13509973,13509983,13509989,13510001,13510031,13510067,13510099,13510109,13510129,13510153,13510169,13510181,13510207,13510229,13510241,13510243,13510249,13510267,13510271,13510297,13510331,13510333,13510337,13510339,13510391,13510411,13510421,13510477,13510489,13510493,13510507,13510537,13510543,13510559,13510589,13510649,13510663,13510687,13510697,13510709,13510727,13510759,13510769,13510787,13510789,13510799,13510811,13510831,13510891,13510927,13510943,13510961,13510967,13510969,13511011,13511021,13511023,13511053,13511117,13511119,13511161,13511167,13511203,13511219,13511221,13511249,13511293,13511339,13511353,13511363,13511369,13511383,13511411,13511429,13511431,13511441,13511453,13511461,13511483,13511521,13511539,13511543,13511551,13511569,13511587,13511599,13511611,13511627,13511633,13511647,13511669,13511677,13511681,13511699,13511723,13511731,13511747,13511777,13511779,13511791,13511801,13511843,13511863,13511867,13511893,13511917,13511921,13511929,13511947,13511951,13511959,13511963,13511969,13511977,13511987,13511989,13512013,13512029,13512041,13512047,13512053,13512061,13512073,13512113,13512131,13512143,13512157,13512179,13512181,13512199,13512203,13512209,13512221,13512253,13512259,13512269,13512271,13512313,13512361,13512377,13512379,13512383,13512409,13512461,13512469,13512479,13512481,13512491,13512517,13512533,13512539,13512571,13512581,13512599,13512601,13512613,13512617,13512619,13512643,13512679,13512701,13512703,13512731,13512757,13512767,13512769,13512787,13512797,13512809,13512817,13512883,13512893,13512899,13512901,13512907,13512911,13512913,13512949,13512953,13512979,13512991,13512997,13513007,13513013,13513021,13513037,13513081,13513091,13513109,13513127,13513133,13513151,13513153,13513243,13513267,13513277,13513289,13513319,13513321,13513337,13513343,13513349,13513373,13513387,13513403,13513411,13513421,13513429,13513433,13513439,13513459,13513469,13513499,13513517,13513531,13513561,13513573,13513583,13513601,13513607,13513631,13513651,13513663,13513733,13513751,13513771,13513789,13513813,13513847,13513859,13513873,13513897,13513933,13513937,13513939,13513961,13513987,13514021,13514057,13514063,13514107,13514117,13514119,13514129,13514131,13514153,13514159,13514161,13514173,13514177,13514191,13514227,13514251,13514257,13514279,13514299,13514323,13514329,13514387,13514393,13514411,13514429,13514437,13514441,13514443,13514467,13514471,13514497,13514519,13514531,13514537,13514539,13514549,13514569,13514597,13514603,13514621,13514653,13514659,13514663,13514689,13514693,13514701,13514723,13514741,13514749,13514759,13514773,13514797,13514821,13514827,13514863,13514873,13514887,13514923,13514927,13514929,13514981,13514987,13514989,13514993,13515011,13515049,13515067,13515077,13515091,13515121,13515133,13515157,13515167,13515181,13515197,13515209,13515233,13515253,13515263,13515317,13515319,13515331,13515377,13515407,13515409,13515413,13515419,13515427,13515449,13515503,13515511,13515533,13515539,13515547,13515553,13515563,13515577,13515581,13515589,13515599,13515613,13515617,13515643,13515679,13515701,13515703,13515713,13515727,13515737,13515751,13515781,13515791,13515829,13515839,13515851,13515857,13515863,13515869,13515893,13515911,13515923,13515947,13515949,13515959,13515961,13515967,13515979,13516033,13516039,13516073,13516103,13516127,13516171,13516177,13516231,13516259,13516273,13516297,13516313,13516331,13516333,13516339,13516357,13516361,13516397,13516409,13516417,13516423,13516439,13516457,13516471,13516501,13516541,13516549,13516553,13516567,13516579,13516597,13516603,13516609,13516621,13516627,13516661,13516669,13516673,13516681,13516687,13516703,13516747,13516759,13516787,13516823,13516829,13516859,13516873,13516883,13516889,13516891,13516897,13516907,13516913,13516927,13516949,13516957,13516963,13517011,13517017,13517027,13517033,13517069,13517083,13517089,13517107,13517117,13517143,13517149,13517171,13517177,13517213,13517221,13517239,13517267,13517269,13517281,13517299,13517311,13517327,13517377,13517381,13517389,13517401,13517419,13517423,13517443,13517447,13517459,13517467,13517479,13517501,13517503,13517507,13517521,13517557,13517563,13517579,13517593,13517599,13517627,13517657,13517663,13517677,13517681,13517689,13517723,13517729,13517731,13517747,13517773,13517807,13517821,13517837,13517843,13517849,13517863,13517869,13517887,13517897,13517899,13517909,13517923,13517929,13517939,13517947,13517957,13517963,13517969,13517983,13517989,13517993,13518013,13518019,13518041,13518053,13518073,13518091,13518097,13518103,13518119,13518133,13518161,13518163,13518173,13518199,13518203,13518217,13518221,13518277,13518311,13518313,13518343,13518353,13518361,13518377,13518391,13518403,13518419,13518433,13518467,13518473,13518499,13518521,13518539,13518541,13518569,13518601,13518607,13518623,13518649,13518679,13518683,13518707,13518737,13518761,13518781,13518787,13518803,13518809,13518811,13518829,13518851,13518877,13518887,13518977,13518979,13518983,13519021,13519067,13519091,13519109,13519117,13519139,13519141,13519159,13519169,13519211,13519223,13519229,13519273,13519283,13519339,13519361,13519391,13519397,13519411,13519417,13519447,13519453,13519459,13519477,13519489,13519523,13519529,13519537,13519543,13519577,13519589,13519601,13519603,13519609,13519619,13519631,13519633,13519651,13519661,13519663,13519669,13519679,13519703,13519721,13519739,13519783,13519799,13519817,13519841,13519853,13519867,13519871,13519903,13519907,13519927,13519939,13519943,13519949,13519967,13519969,13519993,13520011,13520047,13520053,13520057,13520069,13520071,13520081,13520099,13520147,13520149,13520167,13520173,13520179,13520183,13520197,13520203,13520231,13520233,13520237,13520239,13520249,13520279,13520303,13520333,13520363,13520383,13520387,13520411,13520417,13520431,13520449,13520453,13520477,13520483,13520497,13520509,13520531,13520579,13520597,13520599,13520603,13520653,13520659,13520677,13520719,13520779,13520807,13520809,13520813,13520827,13520839,13520851,13520863,13520869,13520879,13520887,13520893,13520911,13520917,13520921,13520953,13520957,13520981,13520999,13521023,13521029,13521031,13521043,13521059,13521061,13521073,13521083,13521097,13521107,13521113,13521127,13521139,13521149,13521197,13521253,13521271,13521283,13521323,13521329,13521359,13521367,13521373,13521397,13521419,13521421,13521437,13521449,13521461,13521491,13521499,13521517,13521523,13521533,13521551,13521581,13521593,13521617,13521637,13521659,13521667,13521701,13521707,13521713,13521727,13521733,13521751,13521791,13521793,13521811,13521829,13521881,13521889,13521929,13521941,13521961,13521979,13522013,13522027,13522031,13522063,13522073,13522079,13522133,13522147,13522177,13522189,13522211,13522219,13522237,13522241,13522247,13522273,13522303,13522307,13522349,13522363,13522373,13522391,13522451,13522477,13522489,13522493,13522499,13522549,13522559,13522573,13522577,13522583,13522637,13522651,13522669,13522693,13522709,13522759,13522771,13522783,13522801,13522819,13522853,13522877,13522879,13522909,13522921,13522963,13522967,13522979,13522987,13523009,13523017,13523033,13523039,13523063,13523089,13523119,13523123,13523129,13523173,13523183,13523189,13523203,13523207,13523219,13523227,13523239,13523243,13523249,13523267,13523281,13523291,13523297,13523311,13523329,13523359,13523369,13523387,13523413,13523429,13523467,13523479,13523513,13523539,13523557,13523579,13523581,13523593,13523603,13523617,13523633,13523641,13523651,13523659,13523663,13523677,13523683,13523693,13523717,13523729,13523743,13523753,13523779,13523821,13523863,13523869,13523897,13523899,13523903,13523911,13523927,13523933,13523969,13523989,13523999,13524011,13524037,13524041,13524079,13524097,13524101,13524149,13524167,13524187,13524191,13524193,13524211,13524221,13524227,13524233,13524263,13524307,13524311,13524323,13524331,13524337,13524341,13524361,13524373,13524377,13524389,13524421,13524431,13524443,13524449,13524481,13524509,13524541,13524557,13524559,13524653,13524671,13524677,13524683,13524691,13524733,13524743,13524761,13524769,13524779,13524781,13524799,13524803,13524871,13524881,13524883,13524893,13524899,13524937,13524947,13524971,13524977,13525007,13525009,13525027,13525111,13525129,13525133,13525147,13525153,13525159,13525189,13525199,13525231,13525243,13525261,13525271,13525273,13525289,13525297,13525307,13525327,13525333,13525361,13525363,13525381,13525399,13525409,13525411,13525453,13525471,13525481,13525487,13525493,13525529,13525543,13525553,13525559,13525601,13525639,13525649,13525661,13525697,13525709,13525711,13525717,13525723,13525747,13525751,13525789,13525793,13525849,13525867,13525871,13525877,13525879,13525907,13525913,13525921,13525933,13525937,13525943,13525961,13525969,13525991,13526011,13526017,13526041,13526059,13526069,13526141,13526153,13526179,13526189,13526197,13526207,13526239,13526251,13526263,13526273,13526287,13526291,13526297,13526327,13526329,13526341,13526363,13526371,13526377,13526417,13526431,13526449,13526453,13526477,13526479,13526483,13526489,13526503,13526521,13526581,13526587,13526603,13526609,13526621,13526659,13526663,13526671,13526687,13526701,13526717,13526729,13526749,13526771,13526797,13526809,13526813,13526839,13526861,13526869,13526873,13526893,13526899,13526911,13526927,13526971,13526987,13527029,13527037,13527049,13527061,13527077,13527083,13527097,13527109,13527113,13527127,13527131,13527149,13527181,13527187,13527247,13527251,13527287,13527301,13527307,13527317,13527331,13527337,13527347,13527361,13527379,13527383,13527401,13527419,13527431,13527433,13527457,13527463,13527467,13527491,13527497,13527509,13527511,13527551,13527583,13527593,13527599,13527623,13527641,13527643,13527649,13527691,13527713,13527719,13527721,13527737,13527739,13527779,13527781,13527799,13527803,13527817,13527847,13527851,13527853,13527889,13527893,13527907,13527923,13527947,13527959,13527967,13527989,13528001,13528013,13528027,13528033,13528043,13528063,13528079,13528093,13528129,13528159,13528211,13528259,13528261,13528271,13528289,13528309,13528313,13528321,13528349,13528351,13528357,13528363,13528367,13528387,13528477,13528499,13528507,13528517,13528547,13528561,13528597,13528601,13528607,13528631,13528637,13528657,13528661,13528667,13528673,13528681,13528693,13528733,13528747,13528769,13528771,13528783,13528813,13528831,13528843,13528859,13528891,13528897,13528901,13528909,13528913,13529003,13529011,13529023,13529039,13529041,13529053,13529063,13529071,13529077,13529081,13529101,13529123,13529141,13529143,13529149,13529177,13529203,13529209,13529213,13529233,13529239,13529281,13529291,13529293,13529353,13529371,13529393,13529419,13529429,13529441,13529443,13529471,13529473,13529519,13529533,13529557,13529567,13529591,13529599,13529623,13529627,13529629,13529639,13529641,13529651,13529687,13529693,13529699,13529707,13529723,13529743,13529801,13529833,13529891,13529897,13529903,13529917,13529927,13529933,13529963,13529969,13529987,13530017,13530019,13530059,13530067,13530089,13530091,13530107,13530119,13530131,13530133,13530151,13530163,13530169,13530191,13530203,13530259,13530289,13530301,13530311,13530323,13530329,13530343,13530347,13530359,13530367,13530373,13530379,13530397,13530401,13530421,13530457,13530469,13530479,13530499,13530523,13530557,13530563,13530599,13530611,13530653,13530659,13530661,13530701,13530709,13530757,13530763,13530809,13530823,13530833,13530857,13530871,13530889,13530893,13530919,13530931,13530941,13530989,13530991,13531019,13531043,13531057,13531073,13531093,13531103,13531123,13531127,13531129,13531157,13531163,13531171,13531181,13531183,13531229,13531277,13531319,13531333,13531351,13531367,13531373,13531391,13531409,13531433,13531451,13531459,13531481,13531489,13531493,13531501,13531519,13531523,13531547,13531559,13531571,13531577,13531607,13531633,13531663,13531669,13531703,13531747,13531753,13531757,13531769,13531783,13531807,13531811,13531849,13531867,13531871,13531873,13531883,13531891,13531919,13531939,13531943,13531957,13531967,13531979,13531993,13531997,13532003,13532039,13532041,13532059,13532069,13532087,13532131,13532137,13532171,13532219,13532249,13532251,13532291,13532327,13532333,13532339,13532341,13532347,13532359,13532371,13532377,13532429,13532447,13532479,13532483,13532489,13532513,13532537,13532551,13532557,13532587,13532609,13532633,13532657,13532669,13532689,13532699,13532711,13532741,13532773,13532797,13532801,13532803,13532819,13532837,13532839,13532881,13532891,13532899,13532903,13532941,13532963,13532971,13532977,13532983,13532989,13532999,13533001,13533011,13533017,13533043,13533061,13533077,13533101,13533103,13533109,13533119,13533137,13533151,13533161,13533199,13533203,13533209,13533229,13533259,13533283,13533287,13533313,13533319,13533337,13533367,13533371,13533383,13533409,13533413,13533419,13533427,13533431,13533437,13533439,13533449,13533451,13533461,13533463,13533473,13533493,13533503,13533511,13533539,13533563,13533587,13533589,13533593,13533623,13533629,13533673,13533713,13533743,13533781,13533797,13533809,13533811,13533827,13533829,13533841,13533851,13533869,13533881,13533889,13533893,13533901,13533911,13533917,13533929,13533973,13533983,13533991,13533997,13534007,13534021,13534033,13534049,13534139,13534163,13534211,13534231,13534247,13534249,13534277,13534307,13534333,13534337,13534351,13534361,13534393,13534399,13534439,13534447,13534453,13534481,13534483,13534501,13534513,13534519,13534523,13534529,13534531,13534571,13534589,13534597,13534613,13534621,13534643,13534657,13534679,13534681,13534687,13534691,13534699,13534721,13534739,13534757,13534811,13534823,13534841,13534861,13534867,13534883,13534889,13534891,13534903,13534951,13534987,13534993,13535021,13535023,13535029,13535033,13535057,13535069,13535101,13535113,13535117,13535167,13535173,13535219,13535233,13535237,13535243,13535311,13535317,13535321,13535359,13535363,13535381,13535447,13535449,13535461,13535513,13535521,13535537,13535549,13535563,13535567,13535573,13535591,13535593,13535611,13535629,13535647,13535651,13535659,13535701,13535713,13535719,13535741,13535749,13535759,13535773,13535803,13535813,13535831,13535833,13535857,13535869,13535897,13535903,13535981,13535987,13535989,13535993,13536001,13536007,13536031,13536053,13536071,13536073,13536091,13536137,13536139,13536143,13536163,13536169,13536197,13536223,13536239,13536241,13536293,13536331,13536337,13536371,13536409,13536421,13536427,13536431,13536433,13536469,13536473,13536503,13536511,13536521,13536527,13536541,13536563,13536587,13536617,13536629,13536631,13536637,13536643,13536659,13536667,13536671,13536703,13536737,13536749,13536763,13536773,13536779,13536781,13536791,13536821,13536829,13536841,13536869,13536871,13536883,13536899,13536967,13536973,13536977,13536979,13536983,13537001,13537003,13537009,13537039,13537091,13537099,13537103,13537109,13537123,13537129,13537141,13537157,13537159,13537169,13537189,13537231,13537241,13537247,13537261,13537309,13537327,13537351,13537369,13537379,13537397,13537411,13537427,13537441,13537451,13537463,13537487,13537493,13537541,13537553,13537571,13537583,13537619,13537621,13537649,13537651,13537673,13537679,13537687,13537697,13537717,13537721,13537723,13537757,13537759,13537781,13537787,13537801,13537807,13537813,13537817,13537829,13537841,13537847,13537859,13537877,13537883,13537891,13537897,13537907,13537919,13537957,13537973,13537987,13538009,13538017,13538033,13538039,13538071,13538093,13538111,13538131,13538143,13538153,13538177,13538179,13538197,13538233,13538269,13538297,13538353,13538359,13538377,13538381,13538383,13538407,13538429,13538453,13538471,13538519,13538521,13538527,13538531,13538533,13538543,13538549,13538557,13538573,13538597,13538627,13538641,13538663,13538677,13538683,13538687,13538729,13538731,13538779,13538813,13538821,13538827,13538839,13538843,13538879,13538923,13538933,13538957,13538983,13538989,13539013,13539037,13539047,13539049,13539059,13539067,13539073,13539079,13539083,13539101,13539103,13539121,13539131,13539137,13539161,13539179,13539181,13539187,13539193,13539223,13539241,13539277,13539283,13539287,13539289,13539301,13539311,13539313,13539319,13539329,13539359,13539391,13539401,13539403,13539437,13539439,13539451,13539511,13539557,13539563,13539583,13539601,13539611,13539623,13539637,13539641,13539661,13539671,13539677,13539683,13539719,13539727,13539737,13539749,13539763,13539787,13539791,13539811,13539853,13539899,13539907,13539919,13539931,13539941,13539943,13539949,13539961,13539971,13539979,13539983,13539991,13539997,13540001,13540073,13540091,13540117,13540139,13540147,13540171,13540201,13540207,13540223,13540229,13540237,13540249,13540253,13540283,13540297,13540309,13540333,13540367,13540379,13540391,13540393,13540411,13540421,13540433,13540463,13540469,13540489,13540511,13540519,13540523,13540531,13540543,13540577,13540601,13540627,13540643,13540661,13540663,13540691,13540717,13540729,13540733,13540739,13540741,13540757,13540799,13540801,13540817,13540871,13540873,13540889,13540897,13540931,13540949,13540973,13540987,13541009,13541039,13541051,13541071,13541107,13541117,13541119,13541147,13541159,13541161,13541183,13541219,13541221,13541233,13541237,13541239,13541249,13541257,13541279,13541309,13541317,13541323,13541377,13541383,13541387,13541393,13541399,13541413,13541417,13541419,13541441,13541443,13541449,13541453,13541461,13541467,13541477,13541483,13541497,13541569,13541611,13541651,13541653,13541663,13541669,13541677,13541681,13541683,13541711,13541747,13541819,13541821,13541837,13541867,13541881,13541893,13541897,13541903,13541929,13541951,13541971,13541981,13541993,13542029,13542059,13542097,13542143,13542161,13542209,13542227,13542229,13542293,13542301,13542311,13542317,13542323,13542343,13542359,13542367,13542379,13542413,13542433,13542437,13542467,13542479,13542491,13542521,13542539,13542553,13542559,13542563,13542577,13542637,13542647,13542673,13542679,13542689,13542701,13542709,13542713,13542731,13542743,13542757,13542773,13542799,13542803,13542811,13542817,13542821,13542827,13542847,13542857,13542871,13542967,13543007,13543031,13543051,13543069,13543091,13543099,13543111,13543133,13543139,13543177,13543183,13543223,13543247,13543267,13543279,13543301,13543307,13543349,13543351,13543399,13543417,13543423,13543427,13543433,13543451,13543499,13543547,13543583,13543597,13543633,13543669,13543703,13543721,13543723,13543727,13543729,13543759,13543771,13543787,13543799,13543801,13543811,13543843,13543847,13543861,13543877,13543927,13543939,13543949,13543963,13543969,13543973,13544009,13544059,13544071,13544077,13544081,13544101,13544107,13544119,13544123,13544137,13544143,13544149,13544177,13544197,13544243,13544261,13544273,13544317,13544327,13544329,13544353,13544371,13544387,13544389,13544407,13544417,13544431,13544477,13544497,13544513,13544543,13544561,13544567,13544579,13544581,13544593,13544611,13544617,13544633,13544647,13544651,13544669,13544681,13544731,13544743,13544747,13544753,13544759,13544761,13544813,13544819,13544831,13544837,13544873,13544879,13544887,13544893,13544897,13544899,13544911,13544917,13544939,13544959,13544969,13544981,13544987,13545011,13545029,13545061,13545067,13545079,13545089,13545113,13545127,13545151,13545163,13545173,13545193,13545199,13545227,13545239,13545247,13545251,13545253,13545281,13545283,13545313,13545331,13545341,13545359,13545373,13545383,13545391,13545401,13545437,13545449,13545503,13545527,13545547,13545557,13545619,13545629,13545647,13545691,13545709,13545713,13545733,13545767,13545769,13545797,13545799,13545907,13545941,13545971,13546003,13546007,13546021,13546097,13546109,13546121,13546123,13546139,13546153,13546157,13546177,13546187,13546189,13546207,13546231,13546237,13546243,13546249,13546271,13546279,13546283,13546301,13546321,13546363,13546381,13546409,13546417,13546447,13546469,13546499,13546531,13546543,13546549,13546607,13546613,13546619,13546627,13546649,13546651,13546657,13546661,13546667,13546691,13546693,13546711,13546751,13546777,13546781,13546789,13546811,13546823,13546877,13546889,13546891,13546901,13546913,13546919,13546937,13546961,13546991,13546997,13547003,13547033,13547041,13547047,13547077,13547123,13547159,13547173,13547189,13547201,13547221,13547293,13547329,13547353,13547363,13547371,13547381,13547389,13547423,13547431,13547459,13547461,13547477,13547497,13547503,13547531,13547539,13547543,13547593,13547617,13547641,13547659,13547689,13547707,13547711,13547717,13547749,13547761,13547767,13547771,13547773,13547777,13547783,13547801,13547813,13547839,13547857,13547867,13547873,13547923,13547927,13547939,13547951,13547953,13547971,13547977,13547981,13548011,13548013,13548037,13548047,13548061,13548077,13548089,13548109,13548131,13548169,13548181,13548187,13548211,13548221,13548239,13548247,13548257,13548259,13548277,13548287,13548299,13548319,13548377,13548389,13548391,13548467,13548497,13548499,13548503,13548511,13548523,13548533,13548551,13548553,13548589,13548593,13548599,13548607,13548611,13548631,13548641,13548659,13548683,13548707,13548709,13548721,13548749,13548751,13548757,13548797,13548803,13548833,13548839,13548851,13548853,13548869,13548883,13548907,13548911,13548917,13548947,13548959,13548961,13548979,13548989,13549009,13549013,13549021,13549031,13549037,13549073,13549087,13549091,13549111,13549121,13549127,13549157,13549181,13549189,13549219,13549241,13549247,13549253,13549267,13549279,13549307,13549321,13549331,13549339,13549373,13549379,13549421,13549423,13549439,13549441,13549447,13549483,13549499,13549513,13549519,13549537,13549541,13549559,13549579,13549589,13549607,13549619,13549621,13549631,13549633,13549637,13549651,13549693,13549709,13549727,13549741,13549751,13549769,13549777,13549813,13549817,13549847,13549889,13549891,13549903,13549909,13549919,13549961,13549973,13549981,13550039,13550057,13550077,13550081,13550093,13550107,13550111,13550123,13550129,13550143,13550153,13550167,13550179,13550183,13550219,13550231,13550233,13550237,13550263,13550267,13550269,13550291,13550297,13550347,13550413,13550417,13550419,13550437,13550443,13550447,13550483,13550489,13550491,13550501,13550521,13550531,13550539,13550557,13550561,13550567,13550573,13550597,13550599,13550639,13550651,13550659,13550671,13550681,13550687,13550701,13550729,13550753,13550759,13550767,13550777,13550833,13550851,13550861,13550863,13550893,13550897,13550903,13550909,13550941,13550947,13550959,13550963,13550969,13550981,13550983,13551007,13551011,13551019,13551037,13551049,13551059,13551067,13551077,13551079,13551101,13551113,13551119,13551133,13551137,13551143,13551151,13551157,13551169,13551217,13551233,13551319,13551337,13551359,13551367,13551379,13551383,13551409,13551437,13551449,13551451,13551457,13551467,13551469,13551481,13551511,13551523,13551529,13551563,13551589,13551599,13551649,13551661,13551683,13551697,13551719,13551721,13551757,13551779,13551799,13551803,13551809,13551817,13551823,13551851,13551859,13551869,13551913,13551917,13551919,13551947,13551971,13552001,13552039,13552057,13552061,13552093,13552103,13552117,13552141,13552151,13552163,13552171,13552199,13552207,13552211,13552237,13552261,13552271,13552277,13552303,13552307,13552321,13552327,13552333,13552337,13552351,13552373,13552391,13552393,13552421,13552457,13552463,13552501,13552507,13552531,13552547,13552573,13552579,13552601,13552633,13552691,13552739,13552751,13552753,13552771,13552793,13552811,13552813,13552823,13552829,13552853,13552879,13552897,13552901,13552933,13552963,13552969,13552991,13552997,13553021,13553047,13553051,13553053,13553077,13553081,13553093,13553101,13553123,13553147,13553159,13553173,13553201,13553203,13553207,13553209,13553257,13553263,13553269,13553311,13553341,13553347,13553381,13553389,13553401,13553413,13553429,13553431,13553447,13553453,13553459,13553467,13553503,13553513,13553537,13553549,13553569,13553587,13553591,13553621,13553623,13553627,13553629,13553633,13553671,13553681,13553699,13553711,13553723,13553731,13553747,13553753,13553767,13553779,13553801,13553807,13553819,13553833,13553857,13553863,13553867,13553909,13553957,13553959,13553989,13554053,13554071,13554091,13554097,13554127,13554133,13554137,13554143,13554157,13554169,13554179,13554187,13554193,13554227,13554257,13554269,13554271,13554319,13554323,13554349,13554361,13554371,13554403,13554413,13554419,13554427,13554451,13554461,13554479,13554493,13554529,13554551,13554553,13554577,13554599,13554623,13554631,13554637,13554649,13554677,13554707,13554721,13554727,13554743,13554773,13554787,13554829,13554833,13554869,13554881,13554883,13554929,13554949,13554997,13555013,13555021,13555043,13555067,13555097,13555111,13555117,13555123,13555147,13555177,13555183,13555187,13555231,13555247,13555259,13555261,13555279,13555301,13555313,13555331,13555337,13555361,13555403,13555429,13555433,13555447,13555453,13555469,13555471,13555489,13555523,13555541,13555547,13555561,13555583,13555601,13555631,13555639,13555657,13555669,13555699,13555747,13555753,13555769,13555771,13555777,13555799,13555807,13555811,13555813,13555823,13555831,13555859,13555877,13555921,13555943,13555957,13555961,13555967,13555981,13555999,13556029,13556033,13556047,13556057,13556071,13556077,13556093,13556099,13556143,13556167,13556183,13556189,13556201,13556203,13556219,13556237,13556251,13556267,13556297,13556299,13556303,13556339,13556341,13556377,13556381,13556383,13556399,13556401,13556419,13556437,13556441,13556447,13556461,13556471,13556503,13556507,13556533,13556537,13556563,13556581,13556593,13556597,13556603,13556617,13556651,13556663,13556677,13556681,13556687,13556707,13556743,13556771,13556779,13556783,13556831,13556857,13556909,13556947,13556957,13556993,13556999,13557017,13557023,13557073,13557119,13557149,13557151,13557157,13557161,13557163,13557179,13557191,13557217,13557251,13557283,13557289,13557293,13557307,13557319,13557337,13557367,13557389,13557391,13557437,13557451,13557457,13557473,13557493,13557527,13557539,13557547,13557553,13557569,13557589,13557611,13557617,13557623,13557641,13557673,13557679,13557683,13557689,13557707,13557727,13557749,13557751,13557763,13557781,13557793,13557809,13557821,13557827,13557883,13557889,13557893,13557899,13557917,13557923,13557953,13557961,13557977,13557991,13558009,13558033,13558087,13558093,13558099,13558117,13558121,13558123,13558147,13558159,13558189,13558213,13558219,13558261,13558271,13558273,13558277,13558289,13558309,13558313,13558327,13558351,13558357,13558361,13558387,13558417,13558423,13558427,13558429,13558451,13558463,13558481,13558499,13558507,13558511,13558541,13558547,13558561,13558579,13558591,13558621,13558651,13558663,13558669,13558693,13558711,13558739,13558763,13558771,13558777,13558781,13558789,13558793,13558819,13558841,13558859,13558871,13558879,13558907,13558939,13558949,13558981,13559003,13559011,13559089,13559099,13559107,13559111,13559123,13559159,13559173,13559177,13559197,13559201,13559219,13559257,13559261,13559267,13559291,13559303,13559309,13559317,13559333,13559341,13559411,13559419,13559449,13559477,13559503,13559519,13559543,13559551,13559587,13559593,13559603,13559657,13559671,13559681,13559683,13559687,13559701,13559713,13559717,13559731,13559737,13559753,13559779,13559801,13559813,13559827,13559831,13559851,13559879,13559893,13559963,13559983,13559993,13560013,13560031,13560037,13560047,13560049,13560061,13560073,13560083,13560089,13560119,13560121,13560137,13560149,13560161,13560163,13560187,13560193,13560199,13560221,13560223,13560229,13560251,13560257,13560263,13560289,13560293,13560301,13560343,13560353,13560359,13560403,13560439,13560451,13560461,13560467,13560499,13560517,13560529,13560539,13560541,13560551,13560583,13560601,13560607,13560629,13560637,13560643,13560647,13560653,13560683,13560707,13560721,13560749,13560763,13560773,13560793,13560803,13560839,13560847,13560871,13560887,13560913,13560923,13560931,13560941,13560947,13560949,13560959,13560983,13560997,13561013,13561021,13561027,13561049,13561081,13561103,13561139,13561153,13561157,13561199,13561259,13561271,13561309,13561313,13561319,13561321,13561349,13561363,13561367,13561369,13561381,13561391,13561397,13561409,13561411,13561417,13561433,13561439,13561451,13561463,13561487,13561507,13561511,13561523,13561549,13561567,13561579,13561591,13561607,13561621,13561657,13561679,13561711,13561739,13561753,13561759,13561783,13561829,13561837,13561841,13561843,13561853,13561859,13561883,13561901,13561931,13561963,13561967,13561981,13562023,13562033,13562047,13562051,13562077,13562093,13562119,13562123,13562137,13562161,13562177,13562183,13562251,13562279,13562281,13562291,13562317,13562323,13562327,13562347,13562359,13562377,13562383,13562411,13562429,13562441,13562453,13562467,13562473,13562477,13562509,13562519,13562537,13562539,13562567,13562573,13562581,13562629,13562671,13562687,13562693,13562701,13562723,13562771,13562777,13562797,13562803,13562819,13562839,13562851,13562881,13562897,13562911,13562921,13562929,13562933,13562951,13563001,13563007,13563013,13563019,13563029,13563041,13563049,13563079,13563107,13563149,13563191,13563211,13563223,13563227,13563241,13563247,13563257,13563293,13563299,13563311,13563317,13563371,13563377,13563383,13563409,13563419,13563439,13563443,13563457,13563469,13563493,13563499,13563509,13563527,13563541,13563551,13563577,13563581,13563617,13563623,13563653,13563673,13563679,13563703,13563733,13563749,13563751,13563779,13563827,13563829,13563839,13563857,13563887,13563889,13563937,13563947,13563961,13563971,13563973,13564007,13564009,13564013,13564027,13564051,13564073,13564087,13564093,13564099,13564123,13564127,13564129,13564139,13564169,13564183,13564193,13564207,13564211,13564219,13564231,13564253,13564259,13564279,13564289,13564297,13564301,13564303,13564339,13564361,13564409,13564427,13564429,13564433,13564471,13564483,13564517,13564519,13564543,13564553,13564601,13564609,13564669,13564679,13564699,13564703,13564709,13564729,13564807,13564813,13564843,13564847,13564849,13564883,13564897,13564907,13564913,13564921,13564931,13564937,13564961,13564981,13565003,13565017,13565033,13565059,13565089,13565129,13565141,13565143,13565161,13565173,13565177,13565207,13565213,13565263,13565267,13565287,13565309,13565317,13565333,13565351,13565369,13565413,13565441,13565471,13565491,13565543,13565549,13565551,13565579,13565581,13565593,13565599,13565611,13565627,13565633,13565641,13565659,13565681,13565687,13565723,13565743,13565749,13565767,13565771,13565789,13565807,13565831,13565833,13565857,13565861,13565863,13565891,13565897,13565953,13565969,13565971,13565977,13566037,13566071,13566073,13566079,13566083,13566109,13566169,13566173,13566239,13566253,13566257,13566263,13566269,13566271,13566277,13566281,13566307,13566317,13566331,13566337,13566341,13566349,13566379,13566407,13566431,13566451,13566473,13566479,13566523,13566533,13566541,13566557,13566559,13566563,13566571,13566593,13566607,13566617,13566671,13566673,13566689,13566701,13566713,13566719,13566727,13566733,13566743,13566767,13566793,13566797,13566829,13566853,13566857,13566863,13566869,13566877,13566881,13566899,13566911,13566919,13566937,13566953,13566997,13567013,13567019,13567039,13567061,13567087,13567091,13567111,13567117,13567133,13567201,13567291,13567297,13567327,13567363,13567369,13567399,13567423,13567439,13567451,13567453,13567457,13567459,13567471,13567481,13567483,13567507,13567549,13567583,13567591,13567601,13567607,13567627,13567637,13567643,13567667,13567693,13567703,13567709,13567721,13567733,13567753,13567759,13567777,13567787,13567793,13567811,13567831,13567837,13567859,13567867,13567877,13567889,13567891,13567973,13567979,13568039,13568041,13568081,13568083,13568099,13568123,13568131,13568141,13568153,13568161,13568167,13568179,13568197,13568209,13568213,13568221,13568231,13568251,13568257,13568267,13568273,13568287,13568323,13568339,13568341,13568389,13568419,13568453,13568461,13568473,13568497,13568501,13568507,13568531,13568543,13568573,13568593,13568623,13568627,13568707,13568713,13568719,13568743,13568749,13568783,13568791,13568813,13568837,13568843,13568857,13568861,13568887,13568903,13568939,13568953,13568957,13568963,13568969,13568977,13568981,13568987,13568993,13568999,13569019,13569053,13569079,13569107,13569109,13569131,13569133,13569151,13569181,13569191,13569197,13569203,13569217,13569239,13569263,13569271,13569293,13569317,13569331,13569341,13569377,13569397,13569403,13569407,13569433,13569463,13569473,13569481,13569497,13569499,13569503,13569509,13569527,13569539,13569547,13569559,13569571,13569581,13569583,13569607,13569613,13569617,13569631,13569641,13569649,13569659,13569671,13569683,13569691,13569697,13569719,13569727,13569739,13569761,13569769,13569779,13569797,13569799,13569817,13569827,13569851,13569869,13569889,13569923,13569937,13569943,13569949,13569967,13569991,13570001,13570013,13570019,13570021,13570031,13570049,13570087,13570091,13570103,13570163,13570171,13570187,13570217,13570223,13570229,13570273,13570307,13570367,13570373,13570387,13570393,13570399,13570423,13570429,13570439,13570441,13570477,13570493,13570517,13570547,13570561,13570567,13570589,13570603,13570643,13570657,13570673,13570681,13570717,13570721,13570723,13570729,13570747,13570751,13570763,13570793,13570801,13570813,13570819,13570829,13570831,13570841,13570847,13570849,13570903,13570937,13570939,13571009,13571017,13571023,13571027,13571039,13571057,13571071,13571113,13571141,13571147,13571171,13571179,13571183,13571189,13571197,13571249,13571281,13571291,13571329,13571353,13571381,13571387,13571401,13571407,13571417,13571419,13571429,13571431,13571447,13571461,13571473,13571477,13571479,13571501,13571513,13571539,13571573,13571581,13571599,13571603,13571609,13571629,13571641,13571651,13571659,13571669,13571671,13571683,13571689,13571693,13571713,13571717,13571737,13571741,13571749,13571783,13571809,13571827,13571837,13571839,13571843,13571851,13571867,13571891,13571903,13571927,13571939,13571969,13571977,13572011,13572089,13572101,13572127,13572131,13572151,13572157,13572173,13572193,13572199,13572217,13572227,13572259,13572263,13572287,13572311,13572343,13572347,13572359,13572407,13572463,13572467,13572469,13572491,13572509,13572527,13572539,13572541,13572547,13572569,13572577,13572583,13572607,13572623,13572661,13572677,13572679,13572697,13572703,13572719,13572721,13572731,13572733,13572739,13572743,13572751,13572787,13572791,13572799,13572803,13572809,13572833,13572869,13572877,13572887,13572893,13572901,13572913,13572931,13572971,13572983,13573003,13573019,13573037,13573039,13573067,13573081,13573099,13573129,13573159,13573169,13573199,13573207,13573249,13573267,13573291,13573309,13573321,13573331,13573387,13573393,13573397,13573403,13573409,13573411,13573451,13573457,13573477,13573493,13573507,13573513,13573559,13573589,13573621,13573627,13573639,13573643,13573663,13573669,13573687,13573697,13573723,13573757,13573759,13573793,13573801,13573873,13573897,13573907,13573921,13573949,13573951,13573981,13573991,13574003,13574021,13574039,13574047,13574053,13574101,13574123,13574129,13574161,13574167,13574207,13574221,13574243,13574273,13574287,13574317,13574339,13574357,13574389,13574411,13574437,13574441,13574443,13574453,13574467,13574479,13574489,13574507,13574537,13574557,13574563,13574573,13574579,13574591,13574593,13574599,13574609,13574629,13574651,13574657,13574689,13574699,13574711,13574719,13574723,13574747,13574753,13574767,13574783,13574801,13574831,13574843,13574863,13574881,13574887,13574909,13574917,13574923,13574927,13574947,13574989,13574999,13575013,13575019,13575031,13575077,13575097,13575127,13575131,13575167,13575169,13575173,13575239,13575283,13575293,13575307,13575323,13575343,13575347,13575361,13575383,13575389,13575407,13575409,13575421,13575431,13575449,13575491,13575521,13575533,13575547,13575553,13575577,13575593,13575599,13575629,13575631,13575637,13575643,13575647,13575649,13575689,13575691,13575701,13575703,13575721,13575743,13575763,13575769,13575803,13575811,13575817,13575833,13575869,13575871,13575889,13575907,13575943,13575949,13575983,13576007,13576021,13576037,13576067,13576093,13576103,13576133,13576163,13576177,13576181,13576219,13576223,13576231,13576247,13576249,13576271,13576273,13576291,13576301,13576307,13576331,13576333,13576337,13576349,13576351,13576363,13576369,13576391,13576397,13576399,13576403,13576439,13576441,13576457,13576477,13576483,13576487,13576501,13576513,13576517,13576529,13576531,13576567,13576571,13576573,13576579,13576597,13576609,13576631,13576637,13576663,13576711,13576747,13576751,13576757,13576789,13576807,13576819,13576847,13576907,13576919,13576939,13576943,13576961,13576987,13577023,13577041,13577059,13577071,13577093,13577099,13577119,13577129,13577131,13577141,13577159,13577167,13577183,13577209,13577231,13577243,13577251,13577269,13577281,13577299,13577303,13577321,13577323,13577341,13577363,13577413,13577449,13577453,13577471,13577497,13577513,13577527,13577549,13577587,13577591,13577621,13577633,13577653,13577657,13577677,13577693,13577719,13577731,13577749,13577777,13577789,13577791,13577813,13577819,13577857,13577867,13577873,13577881,13577903,13577909,13577939,13577953,13577959,13577987,13578007,13578013,13578023,13578041,13578043,13578049,13578079,13578091,13578101,13578109,13578127,13578133,13578139,13578151,13578161,13578163,13578167,13578197,13578199,13578203,13578241,13578259,13578277,13578311,13578317,13578329,13578343,13578361,13578377,13578379,13578413,13578443,13578449,13578451,13578469,13578473,13578479,13578491,13578517,13578557,13578577,13578581,13578601,13578611,13578647,13578659,13578701,13578703,13578707,13578727,13578737,13578751,13578769,13578781,13578797,13578811,13578827,13578833,13578839,13578857,13578919,13578941,13578979,13579001,13579009,13579019,13579031,13579043,13579051,13579057,13579061,13579079,13579133,13579157,13579169,13579187,13579199,13579201,13579213,13579217,13579219,13579249,13579253,13579261,13579273,13579309,13579331,13579339,13579343,13579403,13579409,13579411,13579421,13579439,13579451,13579459,13579463,13579469,13579483,13579523,13579537,13579543,13579567,13579589,13579597,13579603,13579609,13579639,13579649,13579667,13579669,13579681,13579697,13579721,13579781,13579793,13579799,13579817,13579837,13579861,13579871,13579877,13579901,13579921,13579933,13579961,13579967,13579997,13580011,13580023,13580053,13580057,13580069,13580071,13580111,13580113,13580153,13580173,13580183,13580233,13580261,13580267,13580279,13580309,13580311,13580317,13580339,13580341,13580353,13580401,13580407,13580417,13580423,13580429,13580507,13580519,13580521,13580533,13580537,13580563,13580579,13580587,13580617,13580621,13580641,13580659,13580663,13580681,13580711,13580713,13580731,13580737,13580747,13580753,13580767,13580779,13580783,13580869,13580899,13580921,13580929,13580933,13580939,13580981,13580989,13581053,13581083,13581089,13581097,13581103,13581107,13581121,13581137,13581149,13581173,13581199,13581229,13581287,13581289,13581299,13581301,13581307,13581313,13581319,13581349,13581353,13581361,13581389,13581397,13581413,13581427,13581433,13581457,13581473,13581481,13581493,13581497,13581511,13581517,13581527,13581559,13581613,13581629,13581641,13581643,13581671,13581703,13581709,13581719,13581739,13581749,13581781,13581811,13581823,13581839,13581847,13581853,13581857,13581863,13581899,13581907,13581959,13581973,13581991,13582001,13582007,13582027,13582067,13582069,13582097,13582117,13582147,13582157,13582159,13582171,13582181,13582183,13582187,13582243,13582253,13582267,13582273,13582279,13582291,13582297,13582399,13582417,13582423,13582427,13582447,13582451,13582463,13582501,13582529,13582531,13582537,13582579,13582607,13582633,13582637,13582661,13582669,13582693,13582727,13582729,13582741,13582747,13582753,13582763,13582769,13582771,13582781,13582799,13582801,13582819,13582831,13582837,13582861,13582871,13582873,13582879,13582897,13582963,13582973,13582979,13582993,13583021,13583027,13583069,13583077,13583083,13583093,13583113,13583117,13583123,13583131,13583149,13583197,13583209,13583237,13583257,13583267,13583293,13583303,13583321,13583327,13583359,13583369,13583371,13583377,13583387,13583417,13583443,13583473,13583489,13583503,13583509,13583569,13583573,13583579,13583623,13583627,13583641,13583653,13583659,13583671,13583677,13583681,13583701,13583707,13583711,13583719,13583749,13583753,13583761,13583789,13583807,13583819,13583831,13583839,13583873,13583881,13583897,13583903,13583951,13583959,13583989,13584017,13584019,13584023,13584061,13584073,13584083,13584089,13584113,13584119,13584121,13584157,13584163,13584199,13584203,13584223,13584227,13584229,13584247,13584251,13584253,13584299,13584313,13584341,13584349,13584353,13584367,13584379,13584397,13584409,13584419,13584427,13584433,13584481,13584523,13584533,13584539,13584553,13584577,13584607,13584617,13584619,13584629,13584631,13584647,13584671,13584707,13584709,13584733,13584737,13584793,13584797,13584811,13584863,13584877,13584889,13584917,13584953,13584971,13585001,13585007,13585009,13585027,13585067,13585073,13585097,13585109,13585123,13585147,13585151,13585153,13585177,13585181,13585183,13585189,13585259,13585279,13585289,13585321,13585333,13585337,13585339,13585379,13585417,13585421,13585423,13585441,13585447,13585457,13585459,13585489,13585511,13585541,13585547,13585573,13585603,13585609,13585613,13585631,13585633,13585643,13585661,13585667,13585673,13585699,13585727,13585729,13585739,13585757,13585777,13585783,13585823,13585837,13585841,13585853,13585889,13585903,13585909,13585933,13585937,13585963,13585987,13585991,13586011,13586017,13586033,13586039,13586057,13586093,13586099,13586101,13586113,13586137,13586143,13586147,13586161,13586173,13586191,13586201,13586219,13586227,13586231,13586233,13586257,13586263,13586269,13586351,13586357,13586389,13586407,13586411,13586423,13586449,13586453,13586477,13586483,13586509,13586513,13586543,13586549,13586563,13586569,13586593,13586597,13586633,13586641,13586647,13586663,13586669,13586681,13586717,13586731,13586743,13586747,13586759,13586777,13586779,13586789,13586801,13586809,13586821,13586831,13586861,13586869,13586873,13586891,13586917,13586939,13586941,13586977,13586983,13586999,13587001,13587023,13587037,13587047,13587059,13587061,13587121,13587143,13587157,13587163,13587179,13587187,13587209,13587221,13587229,13587263,13587281,13587293,13587307,13587311,13587313,13587347,13587367,13587373,13587391,13587397,13587401,13587407,13587419,13587421,13587439,13587449,13587463,13587467,13587481,13587487,13587491,13587493,13587499,13587551,13587599,13587611,13587619,13587649,13587671,13587677,13587683,13587701,13587727,13587731,13587799,13587803,13587809,13587817,13587829,13587839,13587853,13587859,13587883,13587887,13587923,13587929,13587941,13587943,13587949,13587961,13587967,13587971,13587989,13588007,13588019,13588031,13588033,13588061,13588093,13588103,13588109,13588121,13588163,13588171,13588181,13588187,13588229,13588241,13588247,13588271,13588273,13588279,13588283,13588291,13588319,13588369,13588391,13588397,13588403,13588409,13588411,13588417,13588429,13588433,13588441,13588451,13588459,13588513,13588517,13588537,13588541,13588573,13588579,13588613,13588621,13588637,13588639,13588649,13588681,13588691,13588693,13588697,13588709,13588717,13588721,13588747,13588759,13588769,13588801,13588847,13588853,13588859,13588871,13588891,13588919,13588931,13588961,13588963,13588973,13588979,13588997,13589003,13589011,13589029,13589039,13589071,13589083,13589111,13589117,13589119,13589179,13589189,13589203,13589207,13589209,13589221,13589231,13589263,13589281,13589339,13589353,13589363,13589369,13589383,13589413,13589431,13589437,13589447,13589453,13589479,13589497,13589539,13589549,13589557,13589567,13589593,13589599,13589621,13589623,13589629,13589663,13589671,13589683,13589689,13589699,13589701,13589713,13589743,13589747,13589759,13589761,13589789,13589801,13589813,13589831,13589833,13589869,13589879,13589881,13589887,13589929,13589957,13589971,13589977,13589981,13589993,13590019,13590029,13590037,13590041,13590043,13590047,13590053,13590127,13590131,13590139,13590163,13590173,13590209,13590233,13590271,13590277,13590383,13590407,13590427,13590443,13590457,13590487,13590517,13590527,13590547,13590559,13590593,13590601,13590613,13590637,13590641,13590649,13590653,13590671,13590673,13590683,13590691,13590697,13590727,13590743,13590751,13590793,13590799,13590817,13590839,13590851,13590859,13590887,13590901,13590911,13590917,13590959,13590971,13590977,13590979,13591013,13591027,13591031,13591043,13591069,13591079,13591117,13591121,13591133,13591141,13591147,13591153,13591157,13591217,13591231,13591243,13591283,13591307,13591339,13591351,13591363,13591393,13591427,13591439,13591447,13591453,13591481,13591489,13591519,13591531,13591573,13591579,13591583,13591603,13591607,13591657,13591681,13591693,13591709,13591723,13591727,13591729,13591757,13591801,13591817,13591819,13591829,13591843,13591861,13591867,13591927,13591937,13591939,13591967,13591969,13592003,13592017,13592021,13592023,13592041,13592053,13592063,13592069,13592083,13592093,13592107,13592119,13592123,13592141,13592177,13592179,13592219,13592233,13592237,13592263,13592321,13592323,13592339,13592351,13592363,13592399,13592417,13592419,13592459,13592483,13592489,13592497,13592507,13592549,13592587,13592591,13592599,13592603,13592633,13592669,13592693,13592699,13592713,13592731,13592743,13592749,13592767,13592791,13592837,13592861,13592863,13592899,13592933,13592941,13592981,13592983,13592989,13593007,13593043,13593061,13593071,13593077,13593079,13593101,13593103,13593131,13593133,13593137,13593143,13593157,13593233,13593241,13593269,13593271,13593311,13593317,13593323,13593331,13593337,13593343,13593347,13593361,13593367,13593383,13593389,13593397,13593401,13593413,13593443,13593479,13593487,13593521,13593527,13593539,13593553,13593571,13593577,13593581,13593583,13593623,13593637,13593647,13593703,13593733,13593737,13593781,13593791,13593799,13593803,13593809,13593847,13593883,13593887,13593913,13593941,13593947,13593959,13593961,13593971,13593973,13593997,13594003,13594039,13594079,13594093,13594103,13594109,13594123,13594181,13594183,13594193,13594201,13594211,13594223,13594283,13594309,13594319,13594331,13594369,13594381,13594387,13594397,13594409,13594423,13594433,13594439,13594463,13594489,13594507,13594517,13594531,13594547,13594549,13594561,13594573,13594601,13594613,13594619,13594621,13594631,13594639,13594663,13594673,13594687,13594723,13594753,13594759,13594811,13594829,13594831,13594877,13594879,13594897,13594927,13594943,13594967,13594981,13594993,13595027,13595039,13595041,13595059,13595063,13595119,13595123,13595129,13595147,13595159,13595191,13595201,13595209,13595213,13595233,13595237,13595249,13595251,13595269,13595297,13595321,13595333,13595339,13595357,13595371,13595377,13595381,13595389,13595419,13595443,13595459,13595471,13595479,13595489,13595513,13595531,13595537,13595581,13595609,13595633,13595653,13595669,13595671,13595677,13595683,13595713,13595717,13595759,13595779,13595789,13595819,13595837,13595839,13595843,13595891,13595893,13595927,13595929,13595947,13595957,13595999,13596029,13596049,13596053,13596061,13596083,13596119,13596139,13596173,13596179,13596181,13596203,13596211,13596221,13596227,13596241,13596257,13596283,13596293,13596307,13596337,13596347,13596361,13596367,13596391,13596397,13596403,13596409,13596433,13596437,13596439,13596449,13596467,13596503,13596523,13596529,13596559,13596577,13596599,13596601,13596613,13596623,13596637,13596641,13596659,13596683,13596731,13596733,13596767,13596773,13596809,13596857,13596893,13596899,13596929,13596931,13596937,13596943,13596967,13597007,13597021,13597039,13597063,13597069,13597079,13597091,13597109,13597123,13597151,13597183,13597187,13597193,13597211,13597219,13597247,13597249,13597253,13597267,13597271,13597273,13597277,13597279,13597289,13597291,13597303,13597349,13597351,13597357,13597391,13597411,13597457,13597469,13597487,13597513,13597543,13597567,13597601,13597631,13597651,13597657,13597663,13597679,13597697,13597699,13597721,13597729,13597777,13597799,13597813,13597817,13597819,13597823,13597861,13597877,13597919,13597921,13597963,13598009,13598027,13598029,13598047,13598089,13598099,13598107,13598111,13598131,13598149,13598153,13598161,13598171,13598177,13598213,13598237,13598251,13598257,13598279,13598297,13598329,13598353,13598371,13598381,13598393,13598401,13598413,13598437,13598467,13598479,13598489,13598503,13598549,13598551,13598567,13598591,13598603,13598609,13598617,13598633,13598639,13598653,13598693,13598719,13598729,13598747,13598777,13598797,13598821,13598831,13598833,13598873,13598881,13598891,13598917,13598947,13598971,13598989,13598993,13599013,13599023,13599043,13599059,13599071,13599077,13599101,13599149,13599151,13599163,13599169,13599199,13599221,13599251,13599259,13599263,13599281,13599283,13599317,13599361,13599367,13599373,13599409,13599427,13599433,13599449,13599451,13599479,13599491,13599499,13599527,13599529,13599533,13599539,13599581,13599587,13599589,13599629,13599661,13599671,13599673,13599689,13599697,13599701,13599709,13599713,13599721,13599743,13599749,13599769,13599787,13599791,13599809,13599841,13599851,13599857,13599893,13600003,13600007,13600009,13600019,13600063,13600073,13600091,13600109,13600123,13600141,13600157,13600189,13600193,13600207,13600211,13600229,13600243,13600259,13600271,13600331,13600339,13600373,13600381,13600399,13600417,13600453,13600469,13600471,13600481,13600487,13600529,13600541,13600553,13600583,13600589,13600597,13600619,13600627,13600633,13600651,13600667,13600669,13600673,13600679,13600709,13600711,13600757,13600759,13600781,13600787,13600801,13600819,13600837,13600859,13600861,13600871,13600921,13600927,13600931,13600967,13600999,13601009,13601051,13601057,13601059,13601099,13601111,13601113,13601117,13601123,13601143,13601149,13601153,13601171,13601177,13601179,13601197,13601213,13601221,13601227,13601239,13601249,13601267,13601279,13601297,13601333,13601339,13601363,13601389,13601407,13601417,13601431,13601449,13601453,13601461,13601477,13601491,13601501,13601521,13601543,13601561,13601563,13601593,13601611,13601629,13601633,13601647,13601689,13601699,13601711,13601713,13601723,13601789,13601807,13601813,13601821,13601831,13601843,13601851,13601869,13601879,13601893,13601897,13601909,13601911,13601927,13601933,13601981,13601999,13602011,13602013,13602047,13602059,13602103,13602107,13602133,13602143,13602167,13602179,13602203,13602209,13602217,13602221,13602229,13602287,13602293,13602301,13602341,13602349,13602353,13602403,13602439,13602469,13602473,13602487,13602517,13602527,13602539,13602553,13602557,13602559,13602571,13602581,13602587,13602607,13602649,13602697,13602709,13602713,13602731,13602733,13602751,13602767,13602779,13602811,13602851,13602871,13602877,13602887,13602889,13602923,13602947,13602949,13602971,13602977,13602991,13602997,13603003,13603019,13603049,13603063,13603067,13603129,13603151,13603153,13603159,13603169,13603181,13603199,13603207,13603229,13603237,13603241,13603273,13603277,13603283,13603301,13603307,13603333,13603339,13603357,13603361,13603363,13603379,13603391,13603393,13603397,13603399,13603409,13603423,13603459,13603481,13603483,13603489,13603493,13603501,13603517,13603543,13603547,13603567,13603573,13603607,13603631,13603643,13603657,13603661,13603663,13603687,13603691,13603703,13603771,13603789,13603819,13603847,13603853,13603861,13603903,13603907,13603913,13603921,13603937,13603969,13603979,13604011,13604021,13604023,13604033,13604051,13604077,13604081,13604083,13604099,13604111,13604117,13604167,13604189,13604191,13604243,13604249,13604263,13604287,13604299,13604317,13604341,13604359,13604363,13604389,13604401,13604407,13604413,13604441,13604449,13604453,13604467,13604473,13604491,13604501,13604519,13604531,13604533,13604587,13604593,13604603,13604609,13604611,13604639,13604653,13604663,13604671,13604687,13604699,13604713,13604737,13604749,13604771,13604783,13604797,13604803,13604821,13604831,13604839,13604881,13604887,13604897,13604909,13604911,13604917,13604923,13604933,13604951,13604957,13604971,13604999,13605019,13605077,13605079,13605101,13605113,13605127,13605133,13605139,13605161,13605209,13605211,13605247,13605269,13605281,13605289,13605299,13605331,13605343,13605353,13605367,13605391,13605401,13605413,13605421,13605433,13605451,13605461,13605469,13605479,13605499,13605533,13605541,13605547,13605551,13605601,13605619,13605629,13605649,13605671,13605689,13605733,13605743,13605749,13605769,13605793,13605803,13605817,13605821,13605827,13605841,13605847,13605853,13605863,13605871,13605877,13605883,13605887,13605923,13605929,13605953,13605961,13606003,13606007,13606009,13606037,13606051,13606067,13606081,13606123,13606139,13606163,13606169,13606183,13606193,13606207,13606283,13606291,13606297,13606309,13606339,13606349,13606367,13606391,13606393,13606421,13606457,13606471,13606487,13606499,13606513,13606519,13606529,13606573,13606583,13606643,13606651,13606661,13606673,13606687,13606699,13606727,13606729,13606739,13606741,13606753,13606759,13606763,13606781,13606807,13606811,13606819,13606837,13606847,13606871,13606883,13606889,13606897,13606903,13606909,13606913,13606933,13606939,13606949,13606973,13606991,13606997,13607029,13607051,13607081,13607093,13607117,13607129,13607131,13607137,13607149,13607189,13607201,13607219,13607239,13607261,13607263,13607303,13607311,13607317,13607323,13607333,13607339,13607353,13607359,13607371,13607389,13607411,13607417,13607423,13607431,13607437,13607459,13607471,13607491,13607507,13607509,13607519,13607521,13607533,13607549,13607551,13607557,13607563,13607567,13607569,13607579,13607597,13607603,13607617,13607653,13607663,13607677,13607681,13607689,13607707,13607731,13607747,13607753,13607771,13607779,13607807,13607827,13607849,13607861,13607879,13607917,13607921,13607929,13607953,13607959,13607981,13608013,13608029,13608031,13608059,13608061,13608071,13608097,13608103,13608107,13608113,13608131,13608137,13608139,13608151,13608181,13608209,13608223,13608247,13608277,13608293,13608311,13608317,13608359,13608379,13608391,13608401,13608457,13608481,13608487,13608509,13608523,13608533,13608583,13608593,13608601,13608607,13608611,13608629,13608631,13608649,13608667,13608671,13608691,13608697,13608719,13608739,13608779,13608787,13608799,13608817,13608821,13608827,13608851,13608853,13608911,13608913,13608937,13608949,13608953,13608961,13608967,13609019,13609069,13609087,13609097,13609103,13609109,13609121,13609147,13609151,13609153,13609157,13609159,13609237,13609243,13609247,13609291,13609319,13609357,13609361,13609363,13609373,13609423,13609433,13609481,13609483,13609487,13609489,13609501,13609507,13609513,13609559,13609579,13609601,13609619,13609621,13609627,13609633,13609657,13609669,13609691,13609697,13609703,13609709,13609723,13609733,13609751,13609769,13609789,13609811,13609819,13609829,13609831,13609847,13609853,13609873,13609889,13609927,13609957,13609963,13610021,13610033,13610057,13610063,13610071,13610123,13610131,13610153,13610159,13610161,13610221,13610243,13610249,13610279,13610281,13610287,13610291,13610321,13610323,13610329,13610371,13610383,13610393,13610407,13610417,13610431,13610437,13610449,13610459,13610461,13610473,13610477,13610491,13610497,13610501,13610521,13610563,13610567,13610573,13610579,13610603,13610609,13610617,13610633,13610699,13610713,13610719,13610731,13610743,13610759,13610789,13610791,13610809,13610819,13610827,13610837,13610843,13610867,13610899,13610903,13610941,13610959,13610969,13611007,13611023,13611041,13611043,13611047,13611053,13611061,13611083,13611107,13611109,13611119,13611133,13611151,13611173,13611181,13611187,13611209,13611217,13611229,13611259,13611281,13611287,13611307,13611313,13611319,13611337,13611343,13611371,13611379,13611383,13611397,13611413,13611427,13611457,13611461,13611473,13611487,13611497,13611539,13611541,13611547,13611551,13611557,13611583,13611589,13611599,13611613,13611659,13611673,13611691,13611709,13611721,13611739,13611761,13611803,13611823,13611827,13611833,13611839,13611859,13611863,13611869,13611881,13611887,13611919,13611953,13611971,13611977,13611979,13612013,13612031,13612051,13612063,13612103,13612111,13612117,13612129,13612133,13612141,13612169,13612199,13612201,13612229,13612231,13612271,13612279,13612289,13612307,13612309,13612321,13612327,13612351,13612367,13612373,13612387,13612399,13612453,13612471,13612507,13612537,13612549,13612567,13612579,13612609,13612667,13612681,13612691,13612693,13612717,13612741,13612763,13612769,13612783,13612787,13612793,13612799,13612831,13612847,13612853,13612867,13612889,13612909,13612927,13612933,13612957,13612961,13612979,13612981,13613021,13613023,13613029,13613051,13613057,13613059,13613071,13613081,13613099,13613137,13613153,13613179,13613207,13613227,13613233,13613239,13613269,13613273,13613293,13613297,13613317,13613321,13613333,13613357,13613393,13613429,13613437,13613459,13613461,13613489,13613497,13613507,13613513,13613531,13613533,13613563,13613569,13613581,13613591,13613609,13613623,13613647,13613653,13613657,13613687,13613701,13613711,13613713,13613741,13613767,13613771,13613779,13613783,13613801,13613807,13613813,13613857,13613863,13613869,13613893,13613911,13613917,13613921,13613933,13613939,13613947,13613959,13613969,13613983,13613987,13613993,13614001,13614011,13614031,13614043,13614049,13614071,13614103,13614109,13614131,13614143,13614193,13614197,13614221,13614233,13614247,13614259,13614287,13614299,13614323,13614343,13614347,13614401,13614421,13614439,13614449,13614493,13614499,13614509,13614521,13614539,13614553,13614571,13614593,13614607,13614677,13614683,13614691,13614709,13614743,13614749,13614761,13614767,13614793,13614803,13614851,13614877,13614893,13614907,13614941,13614967,13614989,13615013,13615033,13615037,13615061,13615067,13615073,13615093,13615099,13615109,13615111,13615141,13615163,13615171,13615177,13615207,13615213,13615291,13615307,13615313,13615331,13615337,13615361,13615367,13615369,13615387,13615397,13615409,13615421,13615439,13615447,13615451,13615493,13615513,13615531,13615549,13615559,13615573,13615577,13615579,13615583,13615597,13615633,13615639,13615669,13615681,13615697,13615699,13615751,13615781,13615783,13615801,13615829,13615831,13615841,13615867,13615897,13615937,13615949,13615969,13615981,13615991,13615999,13616017,13616047,13616081,13616107,13616129,13616137,13616147,13616149,13616153,13616189,13616191,13616219,13616221,13616227,13616231,13616249,13616257,13616261,13616263,13616297,13616321,13616329,13616357,13616401,13616411,13616413,13616431,13616441,13616503,13616527,13616539,13616543,13616549,13616563,13616587,13616591,13616599,13616641,13616671,13616723,13616737,13616761,13616773,13616783,13616789,13616803,13616807,13616819,13616821,13616833,13616861,13616891,13616893,13616899,13616929,13616947,13616959,13616987,13617011,13617031,13617041,13617083,13617101,13617103,13617133,13617137,13617139,13617157,13617181,13617199,13617209,13617217,13617239,13617251,13617271,13617287,13617299,13617301,13617313,13617337,13617367,13617379,13617407,13617419,13617427,13617431,13617469,13617473,13617521,13617523,13617529,13617533,13617551,13617563,13617577,13617589,13617601,13617607,13617641,13617647,13617689,13617707,13617749,13617787,13617797,13617803,13617811,13617839,13617841,13617853,13617859,13617881,13617911,13617913,13617917,13617949,13617953,13617977,13618009,13618043,13618049,13618063,13618069,13618091,13618123,13618147,13618159,13618177,13618201,13618217,13618249,13618271,13618279,13618289,13618301,13618303,13618357,13618373,13618399,13618427,13618441,13618453,13618457,13618463,13618469,13618471,13618477,13618483,13618489,13618511,13618523,13618529,13618531,13618541,13618567,13618571,13618597,13618609,13618613,13618667,13618679,13618681,13618697,13618699,13618729,13618747,13618769,13618771,13618789,13618817,13618837,13618879,13618903,13618907,13618909,13618949,13618961,13618973,13618981,13618993,13619051,13619063,13619069,13619077,13619087,13619107,13619113,13619117,13619129,13619131,13619141,13619161,13619171,13619173,13619189,13619191,13619231,13619233,13619239,13619267,13619269,13619273,13619297,13619303,13619321,13619341,13619369,13619377,13619393,13619399,13619423,13619449,13619453,13619467,13619477,13619483,13619491,13619513,13619539,13619563,13619579,13619591,13619597,13619603,13619609,13619651,13619681,13619687,13619701,13619741,13619761,13619779,13619803,13619807,13619833,13619869,13619891,13619899,13619911,13619917,13619927,13619953,13619987,13620007,13620011,13620023,13620037,13620041,13620059,13620073,13620119,13620127,13620133,13620149,13620151,13620197,13620199,13620223,13620287,13620317,13620407,13620421,13620457,13620461,13620479,13620493,13620521,13620527,13620533,13620571,13620583,13620601,13620619,13620641,13620667,13620671,13620679,13620697,13620703,13620707,13620713,13620721,13620727,13620781,13620787,13620797,13620829,13620833,13620839,13620857,13620869,13620889,13620931,13620941,13620949,13621001,13621009,13621019,13621051,13621087,13621099,13621109,13621123,13621147,13621151,13621187,13621189,13621193,13621219,13621241,13621243,13621247,13621253,13621261,13621303,13621319,13621331,13621343,13621357,13621367,13621373,13621381,13621409,13621427,13621429,13621453,13621459,13621463,13621469,13621481,13621523,13621529,13621541,13621549,13621577,13621603,13621627,13621631,13621637,13621649,13621667,13621691,13621693,13621697,13621723,13621753,13621757,13621763,13621781,13621787,13621789,13621801,13621823,13621831,13621871,13621889,13621903,13621919,13621921,13621943,13621961,13621969,13621991,13621997,13621999,13622009,13622039,13622053,13622071,13622087,13622101,13622123,13622137,13622143,13622149,13622153,13622177,13622269,13622293,13622303,13622309,13622317,13622341,13622351,13622363,13622377,13622381,13622383,13622447,13622461,13622467,13622501,13622503,13622513,13622561,13622573,13622591,13622597,13622633,13622669,13622689,13622717,13622723,13622731,13622737,13622759,13622773,13622789,13622801,13622803,13622813,13622827,13622863,13622879,13622887,13622891,13622897,13622977,13623017,13623023,13623031,13623037,13623053,13623059,13623073,13623097,13623101,13623149,13623179,13623223,13623257,13623283,13623287,13623299,13623331,13623343,13623367,13623391,13623413,13623419,13623427,13623431,13623451,13623461,13623469,13623503,13623509,13623523,13623541,13623559,13623563,13623581,13623593,13623641,13623653,13623661,13623667,13623697,13623721,13623737,13623763,13623769,13623773,13623781,13623793,13623803,13623821,13623877,13623901,13623943,13623949,13623959,13623979,13624001,13624033,13624057,13624067,13624081,13624087,13624099,13624111,13624133,13624139,13624147,13624151,13624213,13624217,13624231,13624241,13624243,13624253,13624267,13624319,13624333,13624337,13624357,13624379,13624397,13624427,13624439,13624451,13624477,13624483,13624493,13624537,13624543,13624549,13624553,13624601,13624607,13624613,13624619,13624627,13624649,13624697,13624703,13624711,13624727,13624733,13624753,13624757,13624789,13624817,13624873,13624879,13624883,13624907,13624913,13624927,13624951,13624979,13624981,13624987,13624999,13625009,13625057,13625063,13625069,13625083,13625093,13625107,13625123,13625153,13625189,13625219,13625233,13625237,13625251,13625257,13625263,13625291,13625323,13625371,13625411,13625419,13625431,13625467,13625473,13625477,13625497,13625501,13625533,13625537,13625543,13625569,13625587,13625593,13625617,13625639,13625663,13625693,13625699,13625707,13625743,13625779,13625783,13625791,13625819,13625849,13625851,13625893,13625903,13625917,13625933,13625947,13625951,13626001,13626029,13626049,13626071,13626079,13626083,13626091,13626133,13626139,13626181,13626203,13626209,13626229,13626251,13626257,13626407,13626413,13626443,13626449,13626451,13626517,13626521,13626541,13626559,13626601,13626623,13626643,13626647,13626659,13626677,13626703,13626709,13626713,13626731,13626761,13626779,13626799,13626803,13626827,13626869,13626881,13626889,13626901,13626913,13626917,13626919,13626931,13626941,13626953,13626967,13626997,13627007,13627027,13627043,13627049,13627051,13627069,13627079,13627111,13627127,13627139,13627147,13627153,13627177,13627181,13627193,13627213,13627231,13627261,13627267,13627279,13627291,13627301,13627357,13627373,13627379,13627381,13627417,13627429,13627441,13627447,13627451,13627459,13627483,13627487,13627499,13627529,13627531,13627547,13627553,13627571,13627573,13627589,13627597,13627609,13627613,13627619,13627637,13627667,13627673,13627711,13627717,13627739,13627741,13627751,13627759,13627763,13627771,13627781,13627787,13627793,13627843,13627847,13627907,13627909,13627919,13627927,13627961,13627963,13627969,13627973,13627981,13628011,13628023,13628039,13628059,13628063,13628081,13628093,13628107,13628129,13628137,13628171,13628177,13628179,13628183,13628201,13628207,13628221,13628227,13628257,13628273,13628281,13628287,13628299,13628311,13628327,13628341,13628353,13628357,13628371,13628383,13628389,13628393,13628411,13628413,13628467,13628471,13628507,13628513,13628539,13628551,13628557,13628569,13628603,13628609,13628621,13628633,13628639,13628647,13628653,13628707,13628711,13628729,13628737,13628743,13628759,13628773,13628801,13628819,13628821,13628827,13628831,13628863,13628873,13628887,13628891,13628899,13628921,13628929,13628957,13628963,13628981,13628983,13628999,13629017,13629067,13629071,13629079,13629103,13629127,13629131,13629139,13629149,13629157,13629163,13629167,13629191,13629211,13629221,13629229,13629241,13629247,13629281,13629299,13629337,13629349,13629361,13629397,13629401,13629419,13629433,13629437,13629439,13629443,13629487,13629509,13629521,13629523,13629557,13629559,13629601,13629607,13629619,13629659,13629661,13629673,13629691,13629697,13629751,13629769,13629773,13629809,13629817,13629827,13629841,13629857,13629871,13629907,13629911,13629919,13629929,13629989,13629991,13629997,13630009,13630031,13630033,13630037,13630061,13630091,13630109,13630117,13630139,13630159,13630181,13630187,13630189,13630193,13630207,13630213,13630217,13630219,13630229,13630247,13630259,13630273,13630291,13630301,13630307,13630363,13630369,13630403,13630411,13630427,13630433,13630451,13630453,13630459,13630469,13630553,13630579,13630597,13630601,13630621,13630637,13630649,13630663,13630691,13630709,13630741,13630769,13630781,13630801,13630807,13630817,13630823,13630831,13630861,13630867,13630873,13630891,13630907,13630909,13630913,13630919,13630933,13630937,13630997,13631003,13631053,13631069,13631087,13631099,13631117,13631143,13631153,13631159,13631171,13631179,13631197,13631209,13631221,13631257,13631279,13631287,13631323,13631347,13631369,13631377,13631383,13631411,13631459,13631477,13631489,13631491,13631539,13631543,13631549,13631581,13631587,13631593,13631621,13631641,13631659,13631677,13631689,13631707,13631743,13631749,13631771,13631777,13631791,13631819,13631831,13631857,13631879,13631899,13631921,13631957,13631963,13631983,13631993,13631999,13632013,13632019,13632023,13632029,13632037,13632083,13632107,13632133,13632137,13632149,13632163,13632167,13632173,13632191,13632193,13632211,13632217,13632221,13632257,13632259,13632263,13632277,13632287,13632301,13632313,13632337,13632361,13632371,13632383,13632389,13632403,13632427,13632449,13632469,13632503,13632511,13632533,13632559,13632571,13632587,13632601,13632611,13632617,13632643,13632673,13632683,13632701,13632727,13632737,13632743,13632757,13632769,13632791,13632821,13632841,13632847,13632863,13632877,13632887,13632889,13632917,13632943,13632947,13632967,13632973,13632979,13633001,13633019,13633027,13633049,13633097,13633121,13633141,13633159,13633163,13633171,13633199,13633223,13633229,13633231,13633237,13633247,13633309,13633313,13633339,13633357,13633369,13633381,13633387,13633391,13633421,13633423,13633441,13633453,13633471,13633481,13633489,13633493,13633513,13633531,13633547,13633573,13633579,13633591,13633603,13633637,13633673,13633679,13633691,13633693,13633703,13633717,13633747,13633751,13633757,13633759,13633793,13633817,13633819,13633843,13633859,13633861,13633877,13633883,13633891,13633903,13633909,13633913,13633931,13633937,13633943,13633979,13633993,13634011,13634063,13634081,13634083,13634111,13634123,13634129,13634143,13634189,13634207,13634209,13634219,13634237,13634273,13634317,13634329,13634333,13634353,13634359,13634363,13634399,13634407,13634449,13634471,13634473,13634477,13634479,13634501,13634507,13634519,13634521,13634557,13634581,13634587,13634597,13634603,13634633,13634639,13634681,13634707,13634717,13634743,13634801,13634807,13634809,13634813,13634851,13634857,13634861,13634869,13634879,13634891,13634897,13634923,13634941,13634977,13634983,13634987,13634993,13635007,13635023,13635043,13635059,13635079,13635107,13635119,13635131,13635161,13635187,13635221,13635233,13635253,13635287,13635317,13635353,13635359,13635367,13635373,13635379,13635463,13635467,13635487,13635497,13635511,13635529,13635533,13635541,13635551,13635553,13635563,13635571,13635599,13635613,13635623,13635631,13635641,13635689,13635697,13635701,13635703,13635709,13635719,13635731,13635733,13635737,13635793,13635799,13635833,13635857,13635871,13635899,13635911,13635913,13635929,13635959,13635961,13635967,13635971,13635991,13636013,13636027,13636043,13636069,13636081,13636093,13636099,13636121,13636127,13636141,13636151,13636199,13636201,13636213,13636219,13636223,13636237,13636247,13636253,13636277,13636283,13636291,13636303,13636321,13636361,13636369,13636393,13636411,13636421,13636429,13636451,13636457,13636459,13636463,13636517,13636523,13636561,13636603,13636607,13636613,13636643,13636681,13636697,13636709,13636747,13636751,13636787,13636789,13636853,13636859,13636871,13636877,13636897,13636913,13636933,13636943,13636949,13636951,13636963,13636967,13636981,13637011,13637017,13637021,13637027,13637087,13637089,13637123,13637147,13637161,13637167,13637207,13637219,13637237,13637249,13637251,13637293,13637311,13637329,13637341,13637357,13637359,13637363,13637369,13637389,13637419,13637431,13637501,13637537,13637539,13637581,13637593,13637599,13637623,13637629,13637633,13637639,13637651,13637653,13637671,13637677,13637681,13637683,13637693,13637699,13637713,13637717,13637731,13637761,13637779,13637797,13637809,13637843,13637887,13637891,13637903,13637947,13637957,13637969,13637983,13638041,13638043,13638059,13638061,13638073,13638077,13638101,13638137,13638139,13638161,13638173,13638179,13638187,13638203,13638211,13638223,13638239,13638253,13638259,13638269,13638277,13638293,13638299,13638307,13638329,13638337,13638341,13638347,13638367,13638377,13638397,13638421,13638451,13638463,13638467,13638473,13638479,13638503,13638509,13638511,13638551,13638593,13638623,13638629,13638659,13638661,13638679,13638707,13638739,13638749,13638763,13638799,13638817,13638881,13638899,13638907,13638943,13638991,13638997,13639007,13639009,13639037,13639063,13639079,13639091,13639103,13639111,13639139,13639181,13639187,13639189,13639201,13639217,13639229,13639231,13639237,13639243,13639277,13639289,13639303,13639319,13639331,13639333,13639361,13639427,13639433,13639453,13639463,13639481,13639513,13639523,13639531,13639543,13639553,13639631,13639651,13639693,13639697,13639727,13639733,13639771,13639781,13639789,13639799,13639807,13639811,13639819,13639837,13639841,13639859,13639867,13639919,13639937,13639961,13639963,13639973,13639993,13640009,13640017,13640041,13640047,13640071,13640089,13640101,13640111,13640129,13640141,13640153,13640177,13640189,13640201,13640213,13640257,13640261,13640267,13640287,13640299,13640321,13640339,13640351,13640371,13640381,13640401,13640437,13640441,13640453,13640479,13640489,13640491,13640509,13640513,13640521,13640533,13640551,13640563,13640567,13640581,13640593,13640609,13640611,13640617,13640621,13640629,13640639,13640677,13640699,13640723,13640743,13640747,13640777,13640791,13640807,13640813,13640831,13640833,13640849,13640867,13640911,13640947,13640989,13641041,13641073,13641077,13641079,13641083,13641101,13641113,13641127,13641137,13641149,13641169,13641179,13641203,13641211,13641239,13641263,13641269,13641283,13641289,13641319,13641337,13641349,13641359,13641367,13641371,13641379,13641389,13641391,13641413,13641431,13641499,13641517,13641521,13641527,13641533,13641539,13641557,13641623,13641637,13641671,13641673,13641679,13641689,13641697,13641713,13641721,13641739,13641743,13641763,13641781,13641811,13641821,13641827,13641839,13641847,13641853,13641893,13641911,13641913,13641923,13641931,13641941,13641949,13641961,13641989,13642001,13642003,13642033,13642037,13642067,13642087,13642091,13642103,13642163,13642193,13642199,13642207,13642219,13642229,13642231,13642241,13642259,13642283,13642297,13642303,13642319,13642327,13642333,13642337,13642351,13642357,13642423,13642429,13642439,13642457,13642469,13642477,13642501,13642507,13642523,13642537,13642547,13642553,13642561,13642609,13642613,13642631,13642633,13642639,13642649,13642667,13642669,13642691,13642693,13642723,13642753,13642757,13642763,13642787,13642801,13642807,13642859,13642879,13642901,13642907,13642919,13642921,13642943,13642957,13642961,13642987,13643011,13643017,13643023,13643029,13643039,13643041,13643051,13643053,13643087,13643089,13643099,13643107,13643141,13643177,13643183,13643191,13643213,13643239,13643243,13643261,13643293,13643323,13643339,13643351,13643353,13643407,13643437,13643459,13643467,13643527,13643533,13643549,13643551,13643569,13643633,13643683,13643711,13643719,13643723,13643731,13643743,13643759,13643779,13643797,13643801,13643827,13643837,13643863,13643867,13643879,13643921,13643933,13643941,13643951,13643953,13643963,13643977,13644017,13644019,13644031,13644041,13644073,13644089,13644091,13644107,13644133,13644143,13644173,13644179,13644187,13644193,13644203,13644227,13644229,13644233,13644259,13644269,13644277,13644317,13644329,13644331,13644347,13644361,13644383,13644391,13644403,13644427,13644439,13644443,13644457,13644461,13644473,13644539,13644551,13644569,13644571,13644577,13644581,13644599,13644607,13644613,13644623,13644629,13644647,13644667,13644671,13644689,13644731,13644733,13644739,13644769,13644781,13644809,13644817,13644821,13644847,13644859,13644887,13644913,13644937,13644979,13644997,13645001,13645013,13645039,13645043,13645057,13645127,13645157,13645171,13645183,13645207,13645217,13645223,13645259,13645321,13645351,13645361,13645367,13645393,13645447,13645451,13645453,13645469,13645481,13645483,13645493,13645507,13645519,13645529,13645537,13645589,13645607,13645609,13645633,13645691,13645699,13645727,13645757,13645763,13645783,13645787,13645789,13645799,13645811,13645829,13645837,13645847,13645897,13645909,13645937,13645981,13645991,13645997,13646029,13646033,13646041,13646063,13646077,13646089,13646099,13646131,13646147,13646167,13646201,13646209,13646233,13646239,13646263,13646267,13646273,13646299,13646333,13646341,13646407,13646419,13646447,13646449,13646453,13646471,13646483,13646489,13646491,13646513,13646519,13646527,13646537,13646569,13646587,13646593,13646623,13646629,13646651,13646669,13646683,13646687,13646701,13646719,13646729,13646741,13646749,13646771,13646783,13646803,13646813,13646819,13646827,13646863,13646879,13646923,13646929,13646977,13646987,13646999,13647001,13647041,13647079,13647083,13647089,13647091,13647097,13647133,13647143,13647157,13647169,13647203,13647239,13647247,13647253,13647259,13647281,13647307,13647317,13647331,13647353,13647373,13647401,13647421,13647427,13647433,13647479,13647493,13647499,13647511,13647521,13647551,13647559,13647577,13647587,13647611,13647637,13647649,13647653,13647677,13647701,13647721,13647731,13647749,13647761,13647779,13647811,13647839,13647847,13647863,13647869,13647917,13647919,13647929,13648003,13648021,13648031,13648043,13648051,13648073,13648111,13648139,13648181,13648199,13648207,13648211,13648237,13648247,13648249,13648267,13648273,13648279,13648303,13648307,13648321,13648333,13648391,13648429,13648447,13648457,13648469,13648483,13648511,13648513,13648519,13648541,13648559,13648561,13648577,13648619,13648681,13648693,13648697,13648699,13648717,13648721,13648727,13648741,13648757,13648781,13648787,13648793,13648823,13648849,13648891,13648919,13648939,13648963,13648979,13649003,13649033,13649047,13649057,13649059,13649063,13649093,13649099,13649107,13649117,13649123,13649159,13649183,13649191,13649197,13649203,13649213,13649231,13649261,13649297,13649303,13649341,13649357,13649359,13649369,13649371,13649381,13649399,13649407,13649417,13649431,13649483,13649491,13649497,13649509,13649561,13649563,13649593,13649627,13649651,13649677,13649681,13649687,13649689,13649711,13649717,13649719,13649723,13649747,13649767,13649773,13649803,13649813,13649849,13649851,13649863,13649887,13649897,13649917,13649953,13649957,13649959,13649969,13649989,13650001,13650011,13650029,13650047,13650059,13650067,13650073,13650103,13650107,13650121,13650127,13650139,13650149,13650187,13650193,13650211,13650233,13650277,13650289,13650313,13650317,13650319,13650349,13650353,13650359,13650391,13650409,13650421,13650433,13650449,13650451,13650457,13650463,13650467,13650491,13650517,13650529,13650547,13650557,13650563,13650583,13650587,13650589,13650599,13650613,13650617,13650631,13650667,13650691,13650701,13650709,13650787,13650809,13650811,13650829,13650883,13650887,13650913,13650929,13650941,13650977,13650979,13650997,13651003,13651013,13651019,13651031,13651109,13651123,13651133,13651151,13651159,13651189,13651207,13651223,13651229,13651247,13651249,13651271,13651277,13651283,13651301,13651303,13651321,13651331,13651333,13651349,13651387,13651399,13651403,13651411,13651423,13651447,13651507,13651523,13651537,13651559,13651571,13651577,13651601,13651609,13651613,13651661,13651669,13651679,13651681,13651691,13651699,13651711,13651717,13651733,13651741,13651751,13651777,13651783,13651787,13651789,13651819,13651829,13651843,13651871,13651879,13651907,13651909,13651943,13651973,13651993,13651999,13652029,13652047,13652077,13652081,13652101,13652117,13652129,13652131,13652143,13652153,13652159,13652161,13652189,13652209,13652251,13652263,13652267,13652273,13652281,13652291,13652299,13652329,13652339,13652357,13652381,13652383,13652399,13652437,13652453,13652477,13652491,13652497,13652521,13652537,13652539,13652567,13652579,13652599,13652603,13652633,13652651,13652669,13652671,13652699,13652711,13652759,13652761,13652783,13652797,13652813,13652827,13652831,13652833,13652839,13652843,13652851,13652861,13652893,13652909,13652911,13652941,13652953,13652957,13652993,13653049,13653061,13653067,13653083,13653089,13653097,13653103,13653109,13653127,13653137,13653149,13653163,13653169,13653173,13653179,13653197,13653221,13653239,13653247,13653257,13653319,13653323,13653337,13653347,13653379,13653391,13653427,13653443,13653463,13653473,13653487,13653517,13653529,13653539,13653587,13653611,13653617,13653637,13653659,13653707,13653709,13653713,13653719,13653727,13653763,13653781,13653791,13653803,13653811,13653859,13653869,13653877,13653883,13653889,13653917,13653929,13653967,13653977,13653979,13654001,13654031,13654049,13654063,13654079,13654127,13654159,13654181,13654183,13654187,13654237,13654243,13654253,13654259,13654297,13654327,13654339,13654343,13654351,13654357,13654363,13654367,13654373,13654409,13654427,13654441,13654453,13654457,13654463,13654471,13654489,13654541,13654567,13654573,13654637,13654639,13654643,13654687,13654691,13654699,13654721,13654727,13654733,13654747,13654759,13654777,13654799,13654811,13654829,13654831,13654841,13654843,13654873,13654909,13654919,13654931,13654967,13654987,13655017,13655021,13655023,13655039,13655093,13655101,13655107,13655113,13655119,13655141,13655149,13655171,13655179,13655189,13655197,13655207,13655231,13655263,13655273,13655297,13655303,13655311,13655347,13655351,13655363,13655393,13655401,13655417,13655429,13655443,13655459,13655461,13655489,13655497,13655507,13655513,13655519,13655527,13655533,13655561,13655567,13655569,13655591,13655611,13655633,13655647,13655657,13655659,13655669,13655671,13655683,13655687,13655689,13655713,13655729,13655753,13655771,13655773,13655791,13655797,13655809,13655819,13655827,13655857,13655867,13655869,13655881,13655933,13655953,13655959,13655989,13656011,13656029,13656031,13656077,13656103,13656107,13656119,13656121,13656127,13656143,13656161,13656169,13656173,13656217,13656259,13656263,13656277,13656341,13656343,13656359,13656371,13656407,13656431,13656439,13656443,13656449,13656451,13656473,13656509,13656521,13656527,13656529,13656551,13656557,13656581,13656583,13656613,13656653,13656673,13656679,13656683,13656689,13656697,13656739,13656749,13656761,13656781,13656787,13656791,13656821,13656827,13656847,13656859,13656869,13656887,13656901,13656911,13656989,13657003,13657031,13657043,13657051,13657087,13657117,13657123,13657151,13657153,13657157,13657169,13657183,13657201,13657207,13657211,13657243,13657249,13657279,13657291,13657313,13657337,13657349,13657363,13657367,13657381,13657433,13657471,13657487,13657493,13657499,13657529,13657541,13657543,13657547,13657571,13657597,13657601,13657619,13657621,13657649,13657669,13657691,13657739,13657741,13657747,13657759,13657769,13657771,13657781,13657793,13657807,13657823,13657829,13657841,13657843,13657849,13657859,13657867,13657873,13657907,13657939,13657957,13657981,13657993,13657999,13658003,13658033,13658063,13658077,13658111,13658171,13658173,13658201,13658213,13658257,13658269,13658287,13658299,13658303,13658311,13658317,13658329,13658339,13658353,13658357,13658369,13658377,13658387,13658401,13658413,13658431,13658459,13658479,13658501,13658509,13658537,13658539,13658543,13658591,13658621,13658641,13658647,13658653,13658669,13658713,13658719,13658731,13658753,13658759,13658761,13658773,13658783,13658791,13658807,13658819,13658831,13658839,13658851,13658857,13658867,13658881,13658893,13658921,13658923,13658989,13659011,13659017,13659053,13659067,13659071,13659073,13659077,13659083,13659091,13659131,13659133,13659197,13659209,13659229,13659241,13659259,13659287,13659301,13659307,13659323,13659329,13659343,13659353,13659361,13659379,13659383,13659397,13659403,13659407,13659409,13659413,13659421,13659427,13659439,13659463,13659467,13659487,13659521,13659523,13659557,13659571,13659587,13659589,13659599,13659617,13659629,13659641,13659647,13659649,13659661,13659703,13659713,13659731,13659749,13659773,13659817,13659827,13659839,13659869,13659883,13659901,13659911,13659923,13659931,13659937,13659949,13659967,13659973,13659991,13660001,13660007,13660013,13660019,13660021,13660043,13660051,13660081,13660103,13660109,13660117,13660123,13660147,13660159,13660193,13660201,13660249,13660267,13660277,13660291,13660301,13660307,13660319,13660331,13660337,13660393,13660397,13660399,13660403,13660441,13660453,13660463,13660489,13660499,13660529,13660531,13660547,13660561,13660573,13660589,13660609,13660637,13660649,13660651,13660663,13660763,13660771,13660783,13660793,13660847,13660859,13660891,13660901,13660903,13660931,13660939,13660949,13660961,13660967,13660991,13661003,13661017,13661033,13661071,13661083,13661191,13661201,13661231,13661237,13661261,13661267,13661269,13661279,13661281,13661303,13661309,13661311,13661317,13661321,13661327,13661339,13661341,13661357,13661369,13661419,13661429,13661447,13661449,13661467,13661491,13661497,13661507,13661521,13661561,13661603,13661623,13661647,13661663,13661671,13661689,13661759,13661773,13661783,13661797,13661803,13661833,13661849,13661861,13661881,13661909,13661927,13661933,13661941,13661953,13661971,13662013,13662017,13662031,13662043,13662053,13662059,13662073,13662079,13662091,13662097,13662107,13662149,13662151,13662157,13662163,13662167,13662179,13662191,13662193,13662199,13662211,13662221,13662247,13662251,13662263,13662281,13662283,13662293,13662323,13662367,13662401,13662403,13662409,13662427,13662457,13662469,13662521,13662527,13662557,13662581,13662589,13662613,13662619,13662629,13662643,13662697,13662703,13662709,13662721,13662751,13662757,13662769,13662791,13662797,13662821,13662829,13662871,13662877,13662893,13662911,13662931,13662959,13662983,13663009,13663037,13663051,13663061,13663099,13663123,13663159,13663183,13663217,13663231,13663253,13663267,13663271,13663277,13663289,13663303,13663319,13663327,13663361,13663387,13663399,13663423,13663457,13663487,13663493,13663499,13663501,13663577,13663609,13663613,13663627,13663667,13663673,13663681,13663691,13663697,13663703,13663721,13663739,13663753,13663757,13663763,13663781,13663787,13663799,13663807,13663813,13663823,13663829,13663849,13663861,13663873,13663883,13663931,13663933,13663943,13663957,13663961,13663967,13663997,13663999,13664069,13664071,13664129,13664143,13664159,13664219,13664227,13664237,13664251,13664257,13664279,13664303,13664309,13664317,13664327,13664333,13664351,13664353,13664389,13664419,13664429,13664467,13664471,13664473,13664489,13664491,13664527,13664531,13664533,13664543,13664569,13664587,13664621,13664627,13664647,13664653,13664657,13664711,13664723,13664747,13664759,13664789,13664801,13664837,13664839,13664879,13664891,13664897,13664909,13664929,13664953,13664969,13664999,13665007,13665011,13665019,13665023,13665053,13665083,13665101,13665103,13665107,13665121,13665133,13665143,13665163,13665257,13665269,13665283,13665307,13665317,13665343,13665347,13665359,13665367,13665371,13665383,13665413,13665481,13665493,13665497,13665511,13665517,13665523,13665539,13665551,13665559,13665563,13665571,13665577,13665593,13665599,13665607,13665623,13665629,13665643,13665649,13665653,13665661,13665667,13665677,13665697,13665709,13665713,13665721,13665727,13665733,13665737,13665763,13665791,13665797,13665803,13665811,13665851,13665857,13665863,13665871,13665877,13665889,13665919,13665929,13665961,13665983,13665991,13666019,13666021,13666027,13666031,13666067,13666069,13666091,13666097,13666099,13666123,13666127,13666189,13666193,13666223,13666231,13666253,13666267,13666271,13666277,13666297,13666309,13666321,13666369,13666391,13666397,13666417,13666441,13666451,13666463,13666483,13666493,13666507,13666517,13666537,13666547,13666553,13666603,13666607,13666661,13666663,13666673,13666687,13666711,13666717,13666721,13666729,13666769,13666787,13666813,13666823,13666843,13666847,13666879,13666883,13666889,13666927,13666931,13666943,13666979,13666999,13667021,13667039,13667041,13667047,13667051,13667089,13667117,13667123,13667141,13667153,13667179,13667191,13667197,13667209,13667231,13667239,13667243,13667261,13667293,13667317,13667347,13667363,13667369,13667377,13667389,13667411,13667419,13667461,13667483,13667501,13667503,13667509,13667539,13667551,13667557,13667567,13667569,13667573,13667579,13667581,13667597,13667603,13667611,13667627,13667629,13667639,13667651,13667653,13667657,13667659,13667699,13667701,13667747,13667749,13667761,13667767,13667777,13667803,13667827,13667861,13667891,13667921,13667923,13667939,13667963,13667971,13667977,13667981,13667987,13667989,13668001,13668007,13668029,13668037,13668041,13668071,13668097,13668101,13668103,13668107,13668113,13668131,13668167,13668169,13668227,13668247,13668253,13668257,13668269,13668283,13668299,13668311,13668341,13668349,13668359,13668379,13668407,13668419,13668433,13668437,13668439,13668443,13668481,13668497,13668517,13668521,13668547,13668563,13668569,13668583,13668631,13668637,13668653,13668661,13668679,13668701,13668719,13668727,13668749,13668751,13668779,13668793,13668827,13668841,13668857,13668881,13668911,13668913,13668917,13668931,13668937,13668979,13668989,13669001,13669009,13669013,13669039,13669049,13669067,13669069,13669079,13669081,13669091,13669093,13669129,13669147,13669157,13669163,13669181,13669193,13669211,13669247,13669261,13669319,13669333,13669349,13669351,13669361,13669423,13669459,13669463,13669489,13669499,13669501,13669507,13669517,13669529,13669553,13669583,13669589,13669597,13669609,13669627,13669631,13669639,13669661,13669681,13669699,13669703,13669709,13669727,13669739,13669741,13669753,13669757,13669763,13669771,13669783,13669787,13669793,13669801,13669811,13669823,13669837,13669841,13669847,13669861,13669891,13669897,13669927,13669937,13669939,13669961,13669963,13669967,13669973,13669979,13669993,13670009,13670011,13670071,13670093,13670099,13670117,13670143,13670149,13670171,13670207,13670219,13670221,13670297,13670317,13670333,13670341,13670351,13670413,13670417,13670497,13670521,13670539,13670543,13670549,13670551,13670599,13670609,13670611,13670617,13670623,13670639,13670651,13670707,13670711,13670719,13670731,13670743,13670773,13670791,13670801,13670821,13670827,13670851,13670857,13670863,13670879,13670887,13670897,13670903,13670911,13670933,13670953,13670957,13670959,13670971,13670981,13670989,13671011,13671041,13671113,13671143,13671173,13671181,13671193,13671227,13671233,13671253,13671257,13671289,13671311,13671319,13671347,13671353,13671373,13671419,13671433,13671443,13671457,13671467,13671479,13671487,13671521,13671533,13671563,13671571,13671577,13671599,13671607,13671613,13671649,13671653,13671701,13671703,13671709,13671727,13671733,13671769,13671781,13671787,13671799,13671803,13671809,13671829,13671857,13671863,13671881,13671883,13671919,13671929,13671941,13671947,13671949,13671967,13671989,13672003,13672007,13672019,13672027,13672033,13672037,13672049,13672111,13672121,13672133,13672157,13672163,13672181,13672187,13672193,13672213,13672223,13672231,13672261,13672297,13672303,13672319,13672331,13672349,13672367,13672387,13672397,13672411,13672429,13672433,13672453,13672469,13672481,13672487,13672513,13672517,13672531,13672537,13672553,13672577,13672583,13672591,13672619,13672621,13672627,13672663,13672669,13672727,13672733,13672739,13672759,13672783,13672793,13672807,13672819,13672823,13672831,13672843,13672847,13672871,13672873,13672907,13672927,13672933,13672937,13672963,13672979,13672987,13672999,13673003,13673021,13673041,13673047,13673059,13673071,13673081,13673087,13673111,13673129,13673137,13673173,13673189,13673203,13673207,13673221,13673237,13673249,13673299,13673323,13673329,13673347,13673357,13673371,13673383,13673419,13673437,13673447,13673453,13673467,13673479,13673497,13673501,13673507,13673509,13673519,13673531,13673537,13673563,13673567,13673599,13673603,13673651,13673657,13673687,13673689,13673701,13673719,13673731,13673743,13673771,13673773,13673783,13673809,13673813,13673837,13673843,13673867,13673903,13673909,13673917,13673921,13673923,13673927,13673929,13673953,13673969,13673981,13674019,13674047,13674061,13674079,13674113,13674119,13674139,13674163,13674181,13674203,13674209,13674211,13674223,13674257,13674293,13674299,13674313,13674373,13674391,13674413,13674539,13674541,13674569,13674587,13674599,13674601,13674611,13674637,13674641,13674649,13674653,13674667,13674677,13674679,13674691,13674709,13674721,13674733,13674757,13674779,13674803,13674823,13674827,13674833,13674847,13674877,13674883,13674887,13674893,13674911,13674917,13674943,13675009,13675043,13675049,13675091,13675177,13675183,13675187,13675201,13675217,13675223,13675241,13675243,13675253,13675267,13675273,13675279,13675297,13675313,13675331,13675357,13675367,13675379,13675391,13675399,13675411,13675423,13675471,13675481,13675489,13675499,13675507,13675511,13675549,13675561,13675583,13675589,13675621,13675657,13675679,13675721,13675757,13675759,13675771,13675789,13675811,13675841,13675843,13675847,13675859,13675861,13675873,13675889,13675897,13675913,13675943,13675951,13675957,13675979,13675997,13676009,13676011,13676057,13676059,13676063,13676087,13676101,13676119,13676129,13676153,13676161,13676171,13676183,13676203,13676209,13676231,13676251,13676287,13676291,13676293,13676303,13676323,13676353,13676393,13676407,13676413,13676417,13676431,13676441,13676473,13676497,13676501,13676519,13676527,13676563,13676581,13676587,13676591,13676609,13676617,13676629,13676647,13676669,13676681,13676693,13676701,13676723,13676753,13676759,13676783,13676807,13676833,13676837,13676879,13676899,13676909,13676917,13676981,13676987,13677007,13677031,13677043,13677077,13677101,13677109,13677137,13677143,13677151,13677173,13677187,13677193,13677199,13677217,13677221,13677229,13677239,13677247,13677269,13677289,13677337,13677347,13677361,13677371,13677403,13677421,13677427,13677451,13677463,13677491,13677497,13677523,13677527,13677529,13677539,13677563,13677577,13677607,13677619,13677623,13677637,13677649,13677661,13677689,13677733,13677737,13677749,13677751,13677757,13677761,13677767,13677779,13677817,13677883,13677919,13677931,13677949,13677971,13677973,13677991,13678001,13678003,13678057,13678061,13678069,13678087,13678097,13678121,13678141,13678153,13678177,13678193,13678199,13678201,13678207,13678211,13678219,13678241,13678243,13678253,13678279,13678289,13678333,13678361,13678373,13678403,13678411,13678417,13678433,13678447,13678453,13678481,13678507,13678529,13678541,13678549,13678571,13678589,13678603,13678607,13678631,13678661,13678669,13678673,13678699,13678723,13678729,13678741,13678751,13678759,13678783,13678811,13678817,13678831,13678837,13678853,13678891,13678901,13678909,13678933,13678949,13678957,13678961,13678963,13678969,13678979,13678991,13679009,13679023,13679027,13679041,13679047,13679051,13679053,13679063,13679077,13679111,13679119,13679131,13679143,13679161,13679177,13679179,13679207,13679257,13679269,13679279,13679293,13679321,13679333,13679383,13679399,13679423,13679431,13679453,13679467,13679513,13679531,13679537,13679539,13679557,13679573,13679593,13679597,13679599,13679621,13679623,13679669,13679693,13679707,13679723,13679737,13679749,13679759,13679767,13679789,13679797,13679803,13679819,13679821,13679833,13679873,13679879,13679903,13679927,13679929,13679933,13679947,13679969,13679971,13679987,13680001,13680011,13680041,13680061,13680077,13680089,13680097,13680109,13680113,13680167,13680169,13680179,13680187,13680203,13680217,13680221,13680259,13680299,13680301,13680311,13680341,13680353,13680383,13680397,13680439,13680479,13680539,13680553,13680559,13680577,13680587,13680613,13680637,13680643,13680647,13680661,13680671,13680673,13680677,13680679,13680691,13680697,13680701,13680707,13680739,13680749,13680761,13680773,13680809,13680829,13680853,13680871,13680899,13680907,13680911,13680941,13680949,13681033,13681037,13681091,13681093,13681099,13681117,13681163,13681211,13681219,13681253,13681259,13681271,13681289,13681303,13681313,13681319,13681321,13681337,13681357,13681361,13681363,13681397,13681399,13681429,13681433,13681469,13681483,13681489,13681511,13681513,13681529,13681531,13681537,13681541,13681589,13681621,13681639,13681643,13681663,13681667,13681669,13681673,13681693,13681709,13681721,13681727,13681739,13681777,13681793,13681807,13681813,13681853,13681859,13681867,13681883,13681891,13681907,13681951,13681961,13681979,13681999,13682017,13682021,13682023,13682087,13682101,13682177,13682189,13682209,13682219,13682243,13682257,13682269,13682281,13682323,13682329,13682353,13682359,13682371,13682407,13682419,13682437,13682441,13682453,13682497,13682503,13682509,13682551,13682573,13682579,13682587,13682621,13682629,13682653,13682659,13682663,13682689,13682699,13682701,13682719,13682741,13682761,13682777,13682783,13682789,13682791,13682797,13682813,13682821,13682827,13682843,13682857,13682863,13682887,13682891,13682897,13682923,13682927,13682947,13682951,13683013,13683017,13683031,13683077,13683119,13683143,13683161,13683179,13683199,13683247,13683253,13683259,13683269,13683277,13683281,13683301,13683311,13683347,13683349,13683407,13683409,13683433,13683443,13683473,13683491,13683497,13683517,13683529,13683539,13683547,13683559,13683583,13683587,13683613,13683727,13683731,13683757,13683773,13683797,13683799,13683809,13683823,13683833,13683841,13683877,13683889,13683907,13683931,13683937,13683953,13683959,13683973,13683977,13683991,13684001,13684007,13684039,13684049,13684067,13684079,13684087,13684091,13684093,13684141,13684157,13684159,13684171,13684183,13684189,13684217,13684219,13684267,13684291,13684331,13684357,13684387,13684393,13684397,13684399,13684417,13684421,13684453,13684457,13684483,13684493,13684499,13684511,13684513,13684523,13684537,13684571,13684597,13684603,13684613,13684651,13684667,13684717,13684739,13684763,13684777,13684787,13684823,13684831,13684843,13684859,13684871,13684877,13684961,13685003,13685011,13685029,13685033,13685047,13685053,13685057,13685081,13685083,13685093,13685101,13685141,13685159,13685173,13685201,13685209,13685213,13685251,13685257,13685279,13685297,13685327,13685359,13685363,13685369,13685381,13685387,13685389,13685401,13685417,13685423,13685461,13685467,13685479,13685521,13685531,13685537,13685557,13685563,13685579,13685587,13685611,13685627,13685641,13685657,13685669,13685687,13685689,13685717,13685741,13685773,13685783,13685809,13685869,13685887,13685927,13685929,13685933,13685939,13685957,13685981,13685993,13686007,13686017,13686019,13686059,13686067,13686077,13686089,13686091,13686107,13686109,13686121,13686131,13686133,13686191,13686193,13686229,13686247,13686269,13686271,13686287,13686307,13686319,13686359,13686371,13686373,13686383,13686389,13686391,13686397,13686401,13686433,13686443,13686473,13686481,13686493,13686503,13686523,13686527,13686529,13686553,13686557,13686571,13686577,13686613,13686619,13686641,13686689,13686713,13686719,13686727,13686763,13686767,13686769,13686787,13686809,13686833,13686839,13686851,13686889,13686901,13686919,13686931,13686941,13686971,13686979,13686983,13687013,13687031,13687061,13687067,13687073,13687081,13687097,13687111,13687117,13687123,13687129,13687169,13687183,13687187,13687189,13687207,13687211,13687237,13687249,13687253,13687279,13687301,13687307,13687319,13687321,13687343,13687357,13687403,13687411,13687423,13687439,13687463,13687477,13687483,13687493,13687529,13687549,13687571,13687589,13687591,13687627,13687649,13687693,13687699,13687721,13687741,13687787,13687789,13687799,13687801,13687811,13687831,13687853,13687859,13687867,13687871,13687879,13687897,13687901,13687903,13687909,13687931,13687937,13687943,13687969,13687987,13687991,13687997,13688027,13688041,13688047,13688057,13688063,13688071,13688083,13688099,13688119,13688131,13688141,13688159,13688173,13688221,13688239,13688249,13688273,13688293,13688299,13688317,13688333,13688347,13688357,13688371,13688393,13688399,13688407,13688419,13688431,13688471,13688501,13688503,13688527,13688539,13688561,13688573,13688593,13688599,13688627,13688641,13688651,13688659,13688677,13688687,13688693,13688699,13688761,13688771,13688789,13688809,13688813,13688819,13688863,13688867,13688879,13688881,13688897,13688929,13688951,13688953,13688963,13688981,13688989,13689017,13689019,13689031,13689037,13689043,13689059,13689061,13689113,13689119,13689127,13689133,13689187,13689191,13689227,13689241,13689251,13689257,13689281,13689283,13689293,13689307,13689311,13689323,13689343,13689359,13689397,13689433,13689461,13689499,13689503,13689517,13689541,13689547,13689551,13689553,13689563,13689587,13689589,13689601,13689647,13689649,13689659,13689661,13689677,13689691,13689701,13689703,13689719,13689721,13689733,13689749,13689773,13689779,13689787,13689799,13689821,13689857,13689869,13689877,13689887,13689911,13689931,13689959,13689967,13689983,13689997,13690031,13690087,13690091,13690093,13690097,13690109,13690123,13690139,13690141,13690153,13690181,13690213,13690277,13690283,13690309,13690319,13690331,13690337,13690357,13690361,13690363,13690373,13690403,13690409,13690421,13690427,13690429,13690441,13690477,13690511,13690513,13690517,13690519,13690529,13690549,13690577,13690619,13690631,13690667,13690687,13690693,13690723,13690739,13690751,13690753,13690759,13690769,13690793,13690823,13690829,13690837,13690861,13690877,13690883,13690889,13690939,13690949,13690951,13690961,13690973,13690979,13690993,13690997,13691033,13691107,13691113,13691123,13691129,13691149,13691159,13691177,13691179,13691189,13691207,13691213,13691269,13691281,13691287,13691309,13691311,13691323,13691347,13691351,13691387,13691401,13691407,13691413,13691423,13691441,13691449,13691467,13691471,13691497,13691507,13691519,13691527,13691537,13691549,13691563,13691653,13691659,13691701,13691719,13691729,13691731,13691737,13691747,13691767,13691771,13691773,13691789,13691803,13691809,13691819,13691869,13691879,13691891,13691897,13691903,13691921,13691927,13691939,13691941,13691947,13691963,13691981,13691983,13692037,13692047,13692059,13692067,13692079,13692083,13692167,13692193,13692197,13692209,13692221,13692223,13692233,13692271,13692277,13692281,13692311,13692347,13692409,13692443,13692449,13692451,13692493,13692499,13692527,13692551,13692571,13692641,13692643,13692649,13692691,13692713,13692719,13692737,13692743,13692761,13692773,13692781,13692799,13692841,13692851,13692859,13692881,13692883,13692919,13692937,13692953,13693033,13693039,13693063,13693067,13693079,13693117,13693159,13693171,13693181,13693187,13693201,13693213,13693231,13693237,13693283,13693291,13693297,13693327,13693333,13693391,13693397,13693409,13693417,13693457,13693489,13693501,13693507,13693523,13693553,13693567,13693571,13693577,13693607,13693609,13693613,13693639,13693703,13693711,13693733,13693751,13693759,13693777,13693817,13693819,13693831,13693837,13693843,13693853,13693859,13693879,13693907,13693919,13693957,13693961,13693963,13693969,13693987,13693991,13694017,13694047,13694053,13694059,13694099,13694101,13694113,13694179,13694183,13694201,13694203,13694209,13694221,13694227,13694243,13694273,13694297,13694311,13694321,13694323,13694371,13694377,13694381,13694399,13694423,13694449,13694479,13694543,13694563,13694579,13694621,13694623,13694627,13694633,13694647,13694663,13694671,13694743,13694749,13694767,13694783,13694789,13694797,13694803,13694819,13694831,13694881,13694897,13694899,13694909,13694951,13694957,13694969,13694971,13694999,13695007,13695043,13695079,13695091,13695103,13695127,13695131,13695151,13695161,13695173,13695179,13695191,13695197,13695229,13695263,13695277,13695287,13695301,13695317,13695329,13695347,13695349,13695389,13695391,13695401,13695413,13695427,13695431,13695443,13695449,13695467,13695481,13695497,13695509,13695533,13695541,13695547,13695559,13695589,13695593,13695613,13695631,13695641,13695653,13695667,13695673,13695683,13695691,13695733,13695739,13695757,13695767,13695791,13695793,13695797,13695811,13695817,13695821,13695823,13695839,13695841,13695881,13695911,13695949,13695961,13696019,13696021,13696043,13696097,13696099,13696117,13696157,13696159,13696211,13696217,13696273,13696279,13696289,13696297,13696349,13696357,13696367,13696409,13696421,13696427,13696429,13696453,13696457,13696483,13696493,13696517,13696519,13696531,13696537,13696541,13696559,13696561,13696589,13696591,13696597,13696601,13696603,13696633,13696649,13696667,13696687,13696703,13696717,13696721,13696723,13696733,13696741,13696759,13696763,13696769,13696789,13696817,13696841,13696861,13696867,13696873,13696931,13696939,13696973,13696987,13696997,13696999,13697003,13697023,13697041,13697083,13697093,13697113,13697129,13697143,13697149,13697197,13697207,13697221,13697237,13697261,13697269,13697293,13697323,13697339,13697353,13697357,13697377,13697389,13697399,13697429,13697471,13697473,13697503,13697527,13697531,13697543,13697557,13697561,13697587,13697603,13697623,13697639,13697641,13697653,13697687,13697701,13697729,13697737,13697743,13697777,13697791,13697833,13697891,13697911,13697933,13697969,13697987,13697989,13698011,13698019,13698023,13698053,13698067,13698109,13698119,13698127,13698143,13698149,13698151,13698161,13698163,13698173,13698193,13698211,13698233,13698253,13698263,13698281,13698283,13698299,13698319,13698323,13698337,13698341,13698361,13698371,13698389,13698397,13698401,13698427,13698431,13698457,13698463,13698491,13698499,13698533,13698577,13698611,13698649,13698673,13698689,13698697,13698703,13698733,13698739,13698743,13698803,13698809,13698833,13698847,13698851,13698859,13698863,13698899,13698907,13698929,13698959,13698973,13698989,13699001,13699003,13699027,13699039,13699051,13699061,13699073,13699079,13699087,13699111,13699121,13699123,13699129,13699159,13699187,13699201,13699211,13699243,13699249,13699267,13699307,13699313,13699381,13699393,13699403,13699409,13699451,13699457,13699459,13699463,13699471,13699487,13699519,13699541,13699549,13699561,13699579,13699591,13699619,13699639,13699649,13699667,13699717,13699723,13699727,13699733,13699753,13699771,13699783,13699787,13699793,13699853,13699921,13699949,13699957,13699981,13699991,13699997,13699999,13700009,13700017,13700021,13700039,13700059,13700069,13700081,13700087,13700107,13700117,13700119,13700149,13700153,13700161,13700189,13700201,13700221,13700243,13700251,13700263,13700279,13700299,13700329,13700369,13700371,13700399,13700429,13700443,13700461,13700473,13700497,13700509,13700527,13700551,13700563,13700569,13700573,13700581,13700587,13700591,13700611,13700651,13700669,13700671,13700677,13700681,13700707,13700711,13700723,13700741,13700761,13700773,13700777,13700779,13700807,13700809,13700833,13700849,13700857,13700873,13700899,13700971,13700987,13700993,13701001,13701067,13701089,13701097,13701113,13701119,13701131,13701139,13701143,13701173,13701179,13701199,13701209,13701221,13701239,13701277,13701301,13701319,13701341,13701377,13701379,13701397,13701403,13701407,13701431,13701463,13701497,13701517,13701521,13701529,13701533,13701539,13701551,13701553,13701577,13701587,13701599,13701619,13701673,13701689,13701703,13701763,13701791,13701797,13701823,13701829,13701893,13701911,13701917,13701923,13701937,13701959,13701971,13701977,13701979,13701991,13702001,13702057,13702069,13702111,13702141,13702147,13702151,13702163,13702177,13702229,13702253,13702277,13702291,13702301,13702307,13702327,13702343,13702373,13702379,13702393,13702397,13702417,13702441,13702453,13702463,13702483,13702519,13702547,13702583,13702597,13702607,13702609,13702621,13702631,13702643,13702649,13702669,13702693,13702699,13702721,13702723,13702739,13702747,13702751,13702763,13702769,13702817,13702847,13702849,13702859,13702861,13702873,13702879,13702883,13702891,13702937,13702943,13702951,13702981,13702999,13703033,13703057,13703059,13703077,13703113,13703119,13703141,13703177,13703189,13703219,13703231,13703233,13703257,13703269,13703279,13703293,13703297,13703299,13703321,13703353,13703407,13703441,13703447,13703449,13703477,13703483,13703489,13703507,13703509,13703531,13703533,13703537,13703539,13703551,13703567,13703587,13703603,13703611,13703621,13703659,13703671,13703687,13703707,13703719,13703741,13703749,13703759,13703761,13703771,13703777,13703797,13703803,13703821,13703827,13703831,13703861,13703873,13703897,13703927,13703933,13703941,13703947,13703951,13703957,13703993,13703999,13704001,13704013,13704029,13704049,13704083,13704101,13704121,13704137,13704161,13704167,13704181,13704191,13704203,13704241,13704277,13704281,13704283,13704289,13704293,13704331,13704347,13704359,13704391,13704409,13704413,13704421,13704433,13704437,13704463,13704469,13704479,13704497,13704553,13704563,13704569,13704577,13704583,13704599,13704623,13704631,13704641,13704653,13704673,13704707,13704709,13704721,13704727,13704731,13704739,13704749,13704751,13704767,13704773,13704781,13704797,13704799,13704829,13704853,13704857,13704869,13704893,13704923,13704949,13704959,13704961,13704967,13704989,13704991,13704997,13705031,13705057,13705067,13705073,13705103,13705117,13705147,13705163,13705177,13705183,13705187,13705231,13705243,13705249,13705253,13705267,13705271,13705273,13705301,13705337,13705339,13705361,13705381,13705387,13705409,13705423,13705427,13705457,13705463,13705469,13705507,13705511,13705513,13705561,13705589,13705591,13705597,13705607,13705619,13705633,13705667,13705673,13705697,13705739,13705753,13705763,13705771,13705781,13705793,13705807,13705829,13705831,13705837,13705841,13705847,13705889,13705903,13705919,13705963,13705997,13706023,13706027,13706047,13706051,13706057,13706059,13706071,13706083,13706101,13706111,13706117,13706141,13706159,13706167,13706213,13706219,13706227,13706269,13706279,13706291,13706311,13706323,13706327,13706347,13706359,13706389,13706401,13706417,13706419,13706443,13706447,13706449,13706453,13706477,13706491,13706513,13706527,13706533,13706591,13706599,13706603,13706611,13706663,13706683,13706717,13706731,13706741,13706753,13706767,13706773,13706783,13706789,13706813,13706837,13706839,13706843,13706851,13706881,13706933,13706951,13706969,13706971,13706977,13706993,13707017,13707073,13707091,13707107,13707119,13707121,13707139,13707163,13707173,13707181,13707191,13707203,13707217,13707229,13707251,13707257,13707263,13707269,13707271,13707277,13707289,13707347,13707349,13707359,13707391,13707403,13707413,13707437,13707467,13707469,13707509,13707511,13707523,13707539,13707557,13707599,13707601,13707613,13707643,13707667,13707679,13707689,13707713,13707719,13707739,13707751,13707769,13707773,13707781,13707791,13707803,13707829,13707847,13707901,13707907,13707913,13707919,13707929,13707937,13707959,13707979,13708007,13708021,13708027,13708043,13708081,13708087,13708127,13708129,13708147,13708153,13708187,13708199,13708217,13708243,13708283,13708297,13708301,13708339,13708351,13708379,13708393,13708411,13708433,13708439,13708441,13708489,13708517,13708531,13708543,13708547,13708553,13708559,13708567,13708571,13708577,13708589,13708649,13708657,13708661,13708679,13708687,13708691,13708699,13708703,13708729,13708741,13708777,13708811,13708829,13708841,13708843,13708847,13708853,13708859,13708901,13708921,13708939,13708951,13708969,13708973,13708979,13708997,13708999,13709009,13709011,13709029,13709041,13709057,13709117,13709149,13709167,13709183,13709221,13709233,13709239,13709243,13709249,13709287,13709291,13709321,13709329,13709387,13709413,13709419,13709491,13709513,13709551,13709557,13709569,13709593,13709611,13709627,13709629,13709651,13709681,13709687,13709723,13709749,13709753,13709783,13709791,13709797,13709807,13709809,13709831,13709833,13709873,13709903,13709921,13709923,13709929,13709957,13709959,13709977,13709981,13709989,13709999,13710013,13710061,13710071,13710083,13710121,13710133,13710149,13710157,13710173,13710181,13710187,13710197,13710209,13710217,13710247,13710253,13710259,13710283,13710287,13710293,13710311,13710337,13710353,13710379,13710383,13710391,13710397,13710413,13710439,13710443,13710467,13710469,13710491,13710497,13710509,13710547,13710581,13710583,13710589,13710617,13710637,13710643,13710673,13710677,13710727,13710733,13710751,13710797,13710803,13710817,13710839,13710847,13710871,13710877,13710883,13710889,13710899,13710911,13710919,13710923,13710929,13710943,13710953,13710973,13711039,13711043,13711133,13711147,13711177,13711183,13711249,13711267,13711273,13711279,13711283,13711297,13711337,13711339,13711361,13711363,13711387,13711391,13711409,13711417,13711433,13711441,13711447,13711499,13711531,13711543,13711547,13711553,13711561,13711583,13711603,13711619,13711661,13711667,13711681,13711717,13711739,13711771,13711781,13711799,13711801,13711829,13711837,13711847,13711897,13711903,13711927,13711931,13711967,13711981,13711991,13711993,13712009,13712029,13712033,13712051,13712059,13712077,13712087,13712093,13712119,13712123,13712143,13712161,13712189,13712191,13712219,13712239,13712269,13712299,13712339,13712341,13712383,13712401,13712407,13712411,13712417,13712423,13712429,13712431,13712441,13712449,13712453,13712473,13712477,13712483,13712551,13712561,13712593,13712597,13712609,13712627,13712651,13712711,13712719,13712729,13712731,13712747,13712753,13712759,13712789,13712791,13712801,13712821,13712833,13712837,13712873,13712879,13712887,13712893,13712921,13712929,13712947,13712971,13712989,13713023,13713047,13713059,13713071,13713097,13713107,13713113,13713121,13713137,13713157,13713179,13713187,13713197,13713239,13713247,13713251,13713277,13713281,13713299,13713389,13713391,13713397,13713419,13713443,13713449,13713461,13713463,13713467,13713481,13713503,13713527,13713533,13713629,13713631,13713641,13713647,13713659,13713673,13713683,13713701,13713731,13713757,13713769,13713779,13713823,13713829,13713851,13713859,13713893,13713899,13713913,13713923,13713929,13713941,13713949,13713977,13714009,13714027,13714031,13714037,13714039,13714061,13714069,13714073,13714079,13714093,13714097,13714139,13714153,13714171,13714193,13714199,13714231,13714241,13714247,13714301,13714313,13714319,13714343,13714357,13714381,13714391,13714453,13714469,13714501,13714507,13714513,13714517,13714559,13714567,13714577,13714579,13714621,13714627,13714639,13714643,13714663,13714667,13714669,13714681,13714763,13714769,13714777,13714781,13714793,13714817,13714819,13714823,13714829,13714843,13714853,13714859,13714861,13714871,13714879,13714907,13714919,13714957,13715041,13715059,13715063,13715071,13715077,13715087,13715099,13715129,13715147,13715161,13715189,13715201,13715203,13715213,13715257,13715263,13715327,13715333,13715341,13715353,13715357,13715371,13715389,13715407,13715417,13715431,13715437,13715441,13715453,13715461,13715467,13715479,13715491,13715531,13715539,13715557,13715561,13715591,13715593,13715621,13715627,13715629,13715657,13715683,13715687,13715717,13715747,13715749,13715761,13715773,13715803,13715809,13715813,13715837,13715861,13715881,13715887,13715899,13715903,13715909,13715917,13715939,13715983,13715987,13716007,13716037,13716067,13716071,13716077,13716089,13716107,13716121,13716149,13716163,13716187,13716193,13716203,13716247,13716251,13716253,13716259,13716293,13716299,13716319,13716323,13716337,13716343,13716359,13716371,13716377,13716383,13716403,13716463,13716491,13716511,13716517,13716541,13716551,13716557,13716581,13716583,13716587,13716607,13716611,13716631,13716641,13716649,13716667,13716679,13716701,13716707,13716713,13716719,13716737,13716749,13716757,13716767,13716779,13716793,13716799,13716817,13716821,13716823,13716827,13716839,13716863,13716881,13716893,13716931,13716959,13716961,13716979,13717003,13717013,13717019,13717027,13717037,13717049,13717057,13717063,13717073,13717103,13717127,13717139,13717153,13717163,13717169,13717189,13717201,13717217,13717219,13717229,13717243,13717267,13717273,13717289,13717331,13717337,13717367,13717369,13717391,13717423,13717439,13717471,13717489,13717537,13717549,13717553,13717567,13717573,13717579,13717607,13717621,13717631,13717663,13717679,13717687,13717703,13717709,13717727,13717747,13717757,13717777,13717789,13717799,13717807,13717853,13717909,13717919,13717939,13717969,13717973,13717993,13718017,13718039,13718053,13718063,13718071,13718077,13718119,13718141,13718147,13718153,13718203,13718207,13718251,13718273,13718279,13718293,13718321,13718329,13718339,13718347,13718357,13718359,13718377,13718389,13718401,13718417,13718447,13718459,13718483,13718491,13718519,13718531,13718563,13718581,13718597,13718599,13718623,13718629,13718657,13718659,13718669,13718681,13718687,13718693,13718699,13718707,13718743,13718753,13718759,13718767,13718773,13718801,13718819,13718843,13718851,13718867,13718923,13718927,13718941,13718951,13718953,13718981,13718989,13719029,13719037,13719047,13719049,13719053,13719071,13719113,13719149,13719151,13719157,13719163,13719169,13719179,13719203,13719227,13719283,13719301,13719331,13719337,13719359,13719361,13719367,13719371,13719383,13719397,13719403,13719427,13719437,13719469,13719479,13719481,13719487,13719491,13719509,13719529,13719593,13719599,13719611,13719613,13719631,13719649,13719659,13719679,13719689,13719733,13719737,13719743,13719757,13719773,13719779,13719781,13719787,13719793,13719803,13719809,13719847,13719857,13719863,13719869,13719877,13719883,13719899,13719907,13719913,13719947,13719961,13719991,13720001,13720039,13720061,13720127,13720129,13720159,13720169,13720211,13720247,13720271,13720279,13720283,13720307,13720319,13720339,13720349,13720361,13720379,13720403,13720409,13720417,13720433,13720439,13720463,13720477,13720493,13720501,13720517,13720519,13720523,13720543,13720589,13720591,13720613,13720633,13720639,13720657,13720661,13720709,13720739,13720753,13720769,13720771,13720781,13720783,13720789,13720801,13720823,13720841,13720843,13720859,13720871,13720877,13720891,13720901,13720909,13720933,13721033,13721047,13721051,13721063,13721093,13721111,13721129,13721143,13721161,13721167,13721203,13721209,13721231,13721233,13721237,13721243,13721269,13721291,13721297,13721303,13721327,13721341,13721353,13721369,13721371,13721377,13721381,13721419,13721423,13721441,13721443,13721447,13721459,13721467,13721471,13721473,13721479,13721497,13721527,13721537,13721563,13721569,13721581,13721597,13721599,13721621,13721627,13721671,13721681,13721693,13721713,13721723,13721761,13721779,13721789,13721833,13721837,13721849,13721867,13721881,13721891,13721927,13721987,13721993,13722019,13722067,13722083,13722089,13722091,13722097,13722103,13722143,13722157,13722197,13722209,13722217,13722229,13722239,13722277,13722311,13722323,13722341,13722347,13722361,13722403,13722407,13722409,13722431,13722469,13722479,13722517,13722521,13722529,13722571,13722581,13722623,13722629,13722647,13722649,13722661,13722673,13722679,13722691,13722721,13722727,13722733,13722749,13722767,13722799,13722803,13722817,13722827,13722847,13722851,13722889,13722901,13722911,13722937,13722941,13722979,13722983,13723009,13723033,13723057,13723081,13723091,13723117,13723123,13723139,13723147,13723163,13723183,13723219,13723243,13723271,13723277,13723279,13723289,13723291,13723309,13723357,13723361,13723363,13723379,13723399,13723417,13723439,13723441,13723447,13723481,13723487,13723513,13723537,13723613,13723621,13723631,13723667,13723687,13723693,13723733,13723763,13723769,13723819,13723867,13723883,13723891,13723901,13723903,13723907,13723961,13723973,13723987,13723991,13723993,13723999,13724017,13724021,13724027,13724059,13724063,13724069,13724071,13724093,13724107,13724131,13724143,13724149,13724171,13724177,13724201,13724231,13724233,13724273,13724311,13724323,13724339,13724341,13724357,13724363,13724369,13724377,13724383,13724387,13724449,13724461,13724471,13724483,13724497,13724507,13724531,13724533,13724549,13724597,13724603,13724617,13724653,13724671,13724677,13724693,13724701,13724713,13724717,13724719,13724731,13724747,13724759,13724761,13724771,13724773,13724819,13724833,13724839,13724857,13724861,13724863,13724903,13724927,13724941,13724947,13724959,13724969,13724983,13724989,13725013,13725031,13725077,13725079,13725083,13725109,13725133,13725143,13725169,13725197,13725199,13725203,13725221,13725233,13725247,13725259,13725287,13725289,13725293,13725311,13725317,13725329,13725359,13725379,13725401,13725431,13725449,13725473,13725479,13725487,13725493,13725499,13725527,13725559,13725587,13725601,13725617,13725637,13725659,13725661,13725709,13725713,13725721,13725727,13725737,13725763,13725769,13725841,13725889,13725911,13725913,13725931,13725941,13725977,13725979,13725983,13725991,13726003,13726061,13726079,13726081,13726109,13726127,13726129,13726133,13726169,13726187,13726201,13726249,13726283,13726289,13726301,13726333,13726351,13726387,13726411,13726439,13726451,13726477,13726481,13726499,13726507,13726529,13726547,13726549,13726553,13726571,13726579,13726591,13726613,13726619,13726639,13726649,13726651,13726663,13726673,13726693,13726717,13726723,13726733,13726747,13726751,13726753,13726771,13726777,13726781,13726849,13726897,13726903,13726907,13726943,13726969,13727003,13727023,13727039,13727047,13727057,13727059,13727071,13727081,13727089,13727099,13727107,13727123,13727167,13727171,13727173,13727183,13727201,13727209,13727227,13727249,13727261,13727269,13727281,13727293,13727299,13727321,13727323,13727341,13727369,13727383,13727387,13727401,13727423,13727437,13727447,13727459,13727473,13727491,13727503,13727509,13727533,13727543,13727587,13727599,13727611,13727639,13727647,13727663,13727669,13727677,13727717,13727719,13727729,13727767,13727771,13727773,13727783,13727809,13727821,13727837,13727839,13727873,13727881,13727893,13727927,13727939,13727953,13727957,13727963,13727971,13727981,13728037,13728041,13728101,13728109,13728139,13728151,13728157,13728167,13728173,13728181,13728193,13728229,13728251,13728259,13728269,13728271,13728289,13728301,13728329,13728331,13728343,13728353,13728391,13728409,13728419,13728427,13728433,13728437,13728439,13728461,13728479,13728509,13728511,13728529,13728577,13728581,13728607,13728647,13728661,13728679,13728703,13728713,13728731,13728791,13728797,13728821,13728823,13728881,13728893,13728899,13728901,13728917,13728937,13728943,13728959,13728971,13728989,13729003,13729007,13729019,13729021,13729033,13729049,13729061,13729099,13729117,13729129,13729141,13729147,13729207,13729223,13729291,13729297,13729337,13729349,13729357,13729363,13729369,13729399,13729411,13729423,13729433,13729481,13729487,13729501,13729511,13729517,13729537,13729543,13729567,13729633,13729649,13729663,13729699,13729739,13729741,13729753,13729759,13729783,13729801,13729811,13729817,13729867,13729883,13729889,13729901,13729907,13729927,13729973,13730023,13730047,13730053,13730077,13730081,13730089,13730111,13730147,13730161,13730173,13730177,13730183,13730191,13730207,13730231,13730261,13730263,13730317,13730323,13730329,13730341,13730357,13730359,13730363,13730383,13730389,13730393,13730399,13730411,13730413,13730419,13730501,13730513,13730537,13730569,13730579,13730593,13730617,13730623,13730671,13730677,13730683,13730687,13730693,13730699,13730719,13730729,13730767,13730807,13730809,13730819,13730851,13730867,13730881,13730887,13730897,13730929,13730971,13730987,13730993,13730999,13731001,13731013,13731017,13731031,13731037,13731043,13731059,13731071,13731083,13731089,13731101,13731103,13731119,13731127,13731139,13731143,13731163,13731169,13731173,13731197,13731209,13731217,13731251,13731259,13731287,13731301,13731307,13731313,13731317,13731323,13731331,13731337,13731343,13731353,13731401,13731407,13731409,13731439,13731451,13731467,13731499,13731511,13731517,13731569,13731589,13731593,13731629,13731637,13731659,13731673,13731689,13731709,13731727,13731743,13731763,13731779,13731793,13731799,13731821,13731827,13731829,13731863,13731871,13731881,13731901,13731917,13731919,13731931,13731941,13731947,13731961,13731967,13731973,13731983,13732001,13732049,13732057,13732067,13732087,13732097,13732139,13732151,13732153,13732177,13732183,13732207,13732211,13732237,13732241,13732331,13732361,13732391,13732409,13732423,13732429,13732441,13732471,13732483,13732489,13732493,13732501,13732531,13732547,13732553,13732559,13732561,13732571,13732591,13732613,13732619,13732639,13732643,13732657,13732669,13732699,13732703,13732711,13732717,13732727,13732739,13732769,13732799,13732811,13732841,13732843,13732847,13732871,13732879,13732933,13732949,13732951,13732973,13732981,13732987,13733011,13733021,13733023,13733051,13733053,13733077,13733099,13733101,13733117,13733131,13733147,13733149,13733173,13733183,13733197,13733207,13733221,13733227,13733233,13733249,13733311,13733381,13733387,13733393,13733411,13733437,13733491,13733497,13733509,13733513,13733539,13733543,13733581,13733627,13733633,13733659,13733663,13733693,13733701,13733717,13733747,13733801,13733809,13733831,13733833,13733873,13733897,13733957,13733963,13733981,13733999,13734029,13734031,13734037,13734041,13734047,13734101,13734103,13734121,13734137,13734143,13734163,13734167,13734187,13734191,13734223,13734307,13734319,13734323,13734353,13734377,13734379,13734389,13734407,13734421,13734443,13734463,13734493,13734527,13734529,13734559,13734563,13734583,13734593,13734641,13734667,13734683,13734689,13734751,13734761,13734779,13734797,13734803,13734817,13734863,13734899,13734901,13734907,13734911,13734913,13735013,13735027,13735049,13735061,13735069,13735079,13735087,13735097,13735159,13735171,13735217,13735223,13735229,13735237,13735243,13735247,13735261,13735273,13735277,13735291,13735307,13735331,13735333,13735343,13735349,13735363,13735367,13735373,13735391,13735411,13735429,13735441,13735471,13735523,13735559,13735567,13735571,13735591,13735597,13735627,13735633,13735663,13735679,13735693,13735723,13735741,13735747,13735751,13735781,13735789,13735817,13735819,13735823,13735829,13735831,13735867,13735901,13735903,13735913,13735921,13735933,13735951,13735961,13735999,13736029,13736057,13736081,13736089,13736113,13736117,13736137,13736141,13736143,13736159,13736179,13736201,13736207,13736209,13736231,13736237,13736243,13736249,13736263,13736309,13736329,13736347,13736363,13736369,13736377,13736399,13736413,13736423,13736431,13736453,13736467,13736473,13736491,13736519,13736521,13736539,13736551,13736581,13736587,13736609,13736641,13736659,13736687,13736711,13736713,13736741,13736777,13736797,13736803,13736837,13736839,13736843,13736851,13736857,13736861,13736869,13736881,13736887,13736897,13736903,13736917,13736939,13736951,13736959,13737011,13737013,13737041,13737047,13737089,13737107,13737109,13737121,13737137,13737193,13737197,13737203,13737221,13737223,13737277,13737281,13737287,13737289,13737299,13737307,13737319,13737331,13737349,13737403,13737407,13737439,13737443,13737457,13737461,13737473,13737487,13737499,13737533,13737541,13737553,13737569,13737571,13737593,13737599,13737611,13737617,13737631,13737643,13737671,13737679,13737697,13737707,13737709,13737727,13737733,13737761,13737781,13737799,13737811,13737821,13737833,13737847,13737869,13737907,13737937,13737947,13737953,13737961,13737979,13738001,13738019,13738069,13738073,13738079,13738093,13738111,13738117,13738139,13738163,13738217,13738253,13738271,13738279,13738297,13738303,13738367,13738391,13738399,13738411,13738423,13738441,13738447,13738451,13738453,13738471,13738511,13738513,13738531,13738537,13738541,13738559,13738561,13738579,13738609,13738633,13738639,13738643,13738667,13738717,13738849,13738853,13738867,13738871,13738883,13738891,13738897,13738903,13738909,13738927,13738931,13738937,13738939,13738943,13738961,13739021,13739023,13739029,13739039,13739041,13739051,13739057,13739081,13739093,13739101,13739161,13739189,13739249,13739267,13739269,13739279,13739287,13739309,13739351,13739357,13739377,13739381,13739399,13739419,13739447,13739449,13739459,13739471,13739497,13739501,13739513,13739521,13739563,13739567,13739581,13739599,13739639,13739659,13739681,13739683,13739729,13739741,13739753,13739767,13739779,13739801,13739821,13739897,13739923,13739941,13739963,13739981,13739989,13740017,13740019,13740047,13740049,13740053,13740107,13740119,13740127,13740149,13740151,13740157,13740163,13740187,13740193,13740203,13740241,13740247,13740271,13740277,13740313,13740317,13740319,13740323,13740329,13740359,13740367,13740373,13740379,13740383,13740413,13740421,13740449,13740457,13740469,13740473,13740481,13740487,13740523,13740527,13740557,13740563,13740581,13740589,13740599,13740673,13740679,13740697,13740703,13740739,13740757,13740761,13740763,13740787,13740791,13740817,13740823,13740841,13740869,13740887,13740889,13740901,13740907,13740911,13740917,13740941,13740943,13740973,13740989,13740997,13741001,13741003,13741031,13741087,13741093,13741103,13741121,13741183,13741193,13741201,13741213,13741223,13741229,13741241,13741243,13741267,13741271,13741279,13741289,13741291,13741297,13741337,13741349,13741379,13741391,13741421,13741433,13741439,13741451,13741459,13741477,13741489,13741493,13741523,13741543,13741561,13741583,13741667,13741687,13741691,13741709,13741723,13741727,13741733,13741751,13741753,13741759,13741771,13741801,13741829,13741841,13741859,13741913,13741927,13741939,13741963,13742033,13742051,13742089,13742101,13742123,13742147,13742173,13742191,13742231,13742233,13742249,13742297,13742347,13742369,13742371,13742381,13742383,13742387,13742389,13742411,13742459,13742467,13742473,13742479,13742489,13742527,13742537,13742551,13742557,13742581,13742587,13742591,13742593,13742609,13742623,13742627,13742633,13742639,13742657,13742699,13742711,13742713,13742731,13742737,13742777,13742803,13742837,13742849,13742887,13742893,13742903,13742921,13742923,13742933,13742957,13743001,13743007,13743011,13743031,13743091,13743097,13743127,13743131,13743143,13743151,13743161,13743179,13743181,13743193,13743209,13743221,13743263,13743281,13743287,13743307,13743319,13743383,13743407,13743409,13743413,13743421,13743427,13743449,13743461,13743481,13743493,13743503,13743523,13743529,13743533,13743547,13743557,13743577,13743601,13743641,13743661,13743731,13743781,13743791,13743797,13743809,13743823,13743827,13743839,13743841,13743901,13743923,13743959,13744001,13744019,13744021,13744033,13744037,13744039,13744063,13744097,13744111,13744121,13744123,13744139,13744141,13744153,13744187,13744189,13744193,13744229,13744243,13744249,13744259,13744319,13744327,13744343,13744349,13744369,13744399,13744403,13744411,13744433,13744441,13744453,13744487,13744531,13744559,13744561,13744567,13744571,13744583,13744589,13744603,13744613,13744631,13744663,13744669,13744673,13744691,13744693,13744711,13744729,13744741,13744747,13744781,13744793,13744807,13744813,13744837,13744867,13744877,13744897,13744901,13744919,13744921,13744937,13744949,13744957,13744979,13744987,13745003,13745029,13745057,13745063,13745107,13745141,13745143,13745153,13745177,13745201,13745203,13745213,13745233,13745257,13745261,13745279,13745287,13745309,13745339,13745353,13745359,13745363,13745371,13745377,13745419,13745429,13745443,13745461,13745489,13745491,13745521,13745533,13745539,13745549,13745561,13745587,13745597,13745609,13745629,13745647,13745657,13745689,13745731,13745737,13745747,13745749,13745777,13745791,13745807,13745819,13745857,13745867,13745869,13745887,13745899,13745903,13745929,13745957,13745959,13745993,13746001,13746011,13746023,13746037,13746041,13746049,13746053,13746059,13746067,13746077,13746091,13746107,13746151,13746163,13746179,13746181,13746199,13746209,13746247,13746263,13746281,13746287,13746307,13746311,13746331,13746347,13746349,13746371,13746373,13746391,13746401,13746409,13746427,13746431,13746437,13746497,13746503,13746581,13746583,13746599,13746613,13746619,13746631,13746637,13746653,13746731,13746737,13746739,13746749,13746751,13746773,13746779,13746787,13746791,13746793,13746797,13746827,13746839,13746853,13746877,13746883,13746907,13746911,13746917,13746923,13746947,13746959,13746973,13746977,13746979,13746989,13747001,13747003,13747007,13747049,13747061,13747103,13747109,13747121,13747147,13747159,13747163,13747183,13747213,13747231,13747249,13747277,13747297,13747303,13747309,13747319,13747333,13747381,13747411,13747417,13747429,13747439,13747451,13747457,13747463,13747471,13747499,13747541,13747549,13747561,13747567,13747589,13747639,13747651,13747673,13747687,13747703,13747733,13747739,13747759,13747763,13747771,13747777,13747807,13747819,13747837,13747841,13747861,13747873,13747879,13747891,13747913,13747927,13747933,13747939,13747957,13747961,13747991,13748011,13748027,13748029,13748047,13748051,13748069,13748071,13748083,13748093,13748099,13748149,13748167,13748171,13748177,13748209,13748213,13748237,13748249,13748281,13748311,13748401,13748429,13748437,13748443,13748447,13748459,13748477,13748509,13748513,13748521,13748569,13748587,13748617,13748621,13748627,13748633,13748659,13748663,13748671,13748681,13748689,13748743,13748759,13748771,13748773,13748789,13748797,13748803,13748807,13748831,13748849,13748873,13748879,13748897,13748939,13748993,13749007,13749011,13749013,13749017,13749019,13749031,13749053,13749059,13749061,13749067,13749083,13749091,13749119,13749133,13749149,13749187,13749191,13749233,13749247,13749251,13749257,13749259,13749283,13749289,13749299,13749319,13749347,13749349,13749371,13749383,13749403,13749443,13749467,13749479,13749487,13749503,13749557,13749569,13749577,13749581,13749599,13749601,13749613,13749641,13749649,13749661,13749667,13749679,13749691,13749733,13749761,13749781,13749793,13749797,13749811,13749817,13749823,13749839,13749859,13749887,13749893,13749907,13749913,13749917,13749943,13749947,13749959,13749961,13749971,13749997,13750043,13750049,13750057,13750069,13750097,13750111,13750117,13750123,13750133,13750141,13750151,13750157,13750169,13750181,13750201,13750259,13750283,13750301,13750307,13750333,13750337,13750339,13750349,13750351,13750369,13750381,13750393,13750423,13750427,13750439,13750469,13750493,13750507,13750519,13750523,13750537,13750543,13750567,13750571,13750579,13750591,13750609,13750657,13750697,13750721,13750729,13750747,13750769,13750787,13750799,13750801,13750823,13750829,13750831,13750861,13750871,13750873,13750907,13750921,13750951,13750967,13750969,13750973,13750991,13750993,13751021,13751039,13751051,13751063,13751069,13751093,13751137,13751141,13751149,13751173,13751183,13751203,13751207,13751233,13751261,13751273,13751279,13751303,13751323,13751329,13751333,13751363,13751371,13751389,13751407,13751411,13751417,13751449,13751461,13751467,13751471,13751477,13751483,13751489,13751509,13751513,13751519,13751557,13751567,13751579,13751599,13751603,13751629,13751651,13751659,13751663,13751681,13751737,13751743,13751783,13751789,13751791,13751797,13751863,13751867,13751869,13751891,13751909,13751911,13751971,13751977,13751989,13751993,13752001,13752017,13752019,13752041,13752047,13752073,13752077,13752103,13752113,13752157,13752163,13752169,13752173,13752209,13752223,13752227,13752259,13752287,13752301,13752307,13752331,13752377,13752383,13752407,13752433,13752451,13752461,13752469,13752481,13752491,13752503,13752517,13752539,13752577,13752581,13752593,13752611,13752619,13752631,13752649,13752653,13752667,13752701,13752707,13752721,13752727,13752737,13752763,13752787,13752793,13752797,13752803,13752821,13752829,13752839,13752853,13752859,13752899,13752901,13752911,13752943,13752953,13752961,13752967,13752971,13752997,13753001,13753009,13753021,13753027,13753037,13753039,13753049,13753067,13753099,13753109,13753111,13753123,13753133,13753139,13753141,13753171,13753177,13753193,13753199,13753217,13753237,13753253,13753261,13753277,13753301,13753303,13753309,13753351,13753361,13753393,13753403,13753417,13753423,13753433,13753457,13753463,13753477,13753483,13753489,13753499,13753513,13753541,13753543,13753577,13753591,13753601,13753637,13753643,13753651,13753661,13753669,13753687,13753709,13753717,13753723,13753771,13753781,13753787,13753849,13753919,13753951,13754011,13754017,13754053,13754057,13754077,13754087,13754099,13754123,13754129,13754141,13754183,13754197,13754201,13754231,13754243,13754249,13754263,13754291,13754303,13754317,13754353,13754357,13754369,13754387,13754407,13754431,13754449,13754459,13754471,13754501,13754509,13754519,13754527,13754561,13754563,13754579,13754599,13754603,13754623,13754627,13754641,13754647,13754659,13754693,13754761,13754771,13754773,13754779,13754789,13754791,13754809,13754813,13754827,13754831,13754833,13754849,13754893,13754911,13754933,13754941,13754953,13754959,13754963,13754971,13754977,13754999,13755011,13755013,13755017,13755029,13755059,13755061,13755097,13755101,13755109,13755113,13755139,13755149,13755179,13755197,13755199,13755223,13755229,13755239,13755253,13755257,13755263,13755271,13755277,13755281,13755293,13755299,13755323,13755331,13755337,13755347,13755353,13755359,13755361,13755383,13755389,13755419,13755433,13755479,13755509,13755523,13755529,13755583,13755589,13755607,13755617,13755649,13755671,13755713,13755719,13755727,13755739,13755761,13755769,13755799,13755809,13755811,13755827,13755871,13755877,13755881,13755883,13755893,13755899,13755923,13755967,13755979,13755983,13755997,13756021,13756051,13756069,13756073,13756079,13756081,13756091,13756103,13756109,13756117,13756129,13756147,13756151,13756153,13756163,13756177,13756187,13756199,13756217,13756243,13756271,13756297,13756387,13756397,13756403,13756409,13756423,13756429,13756433,13756453,13756471,13756481,13756487,13756493,13756541,13756549,13756559,13756579,13756583,13756609,13756619,13756649,13756657,13756667,13756679,13756697,13756709,13756739,13756753,13756789,13756801,13756807,13756837,13756867,13756877,13756879,13756949,13756957,13756973,13756979,13756987,13757039,13757047,13757053,13757057,13757077,13757111,13757113,13757123,13757141,13757143,13757171,13757179,13757189,13757201,13757203,13757213,13757221,13757309,13757327,13757347,13757371,13757389,13757407,13757423,13757431,13757441,13757449,13757453,13757461,13757503,13757551,13757563,13757593,13757621,13757647,13757651,13757659,13757663,13757671,13757683,13757717,13757773,13757819,13757867,13757869,13757897,13757911,13757927,13757941,13757959,13757983,13757993,13758007,13758011,13758029,13758077,13758097,13758103,13758127,13758133,13758149,13758161,13758197,13758211,13758229,13758259,13758281,13758289,13758293,13758331,13758343,13758379,13758397,13758419,13758427,13758473,13758497,13758533,13758539,13758551,13758553,13758571,13758583,13758587,13758617,13758631,13758643,13758653,13758659,13758683,13758713,13758721,13758727,13758737,13758781,13758791,13758803,13758817,13758893,13758911,13758917,13758923,13758929,13758937,13758949,13758973,13759003,13759013,13759027,13759033,13759043,13759073,13759093,13759111,13759127,13759147,13759181,13759189,13759201,13759223,13759241,13759243,13759247,13759279,13759283,13759289,13759309,13759327,13759337,13759357,13759367,13759399,13759423,13759463,13759507,13759519,13759531,13759583,13759621,13759633,13759639,13759643,13759649,13759651,13759661,13759679,13759687,13759693,13759747,13759763,13759771,13759853,13759903,13759961,13759979,13759997,13760029,13760053,13760057,13760077,13760081,13760099,13760101,13760107,13760113,13760147,13760167,13760171,13760179,13760183,13760221,13760251,13760261,13760273,13760303,13760317,13760359,13760399,13760407,13760431,13760437,13760447,13760449,13760459,13760477,13760501,13760507,13760533,13760569,13760611,13760627,13760639,13760641,13760671,13760687,13760689,13760699,13760713,13760717,13760729,13760737,13760749,13760753,13760759,13760767,13760771,13760777,13760779,13760797,13760809,13760821,13760833,13760863,13760881,13760897,13760899,13760911,13760917,13760927,13760933,13760963,13760987,13761001,13761023,13761029,13761031,13761037,13761053,13761067,13761131,13761169,13761203,13761221,13761229,13761289,13761323,13761329,13761343,13761353,13761361,13761367,13761389,13761431,13761437,13761443,13761463,13761467,13761469,13761481,13761493,13761497,13761511,13761533,13761541,13761557,13761569,13761571,13761607,13761617,13761667,13761697,13761701,13761707,13761731,13761791,13761793,13761841,13761851,13761877,13761883,13761893,13761901,13761907,13761941,13761949,13761953,13761961,13761967,13761971,13762003,13762009,13762031,13762043,13762081,13762097,13762103,13762121,13762127,13762181,13762207,13762219,13762241,13762249,13762267,13762277,13762283,13762321,13762363,13762369,13762373,13762387,13762391,13762433,13762439,13762453,13762459,13762513,13762519,13762531,13762547,13762549,13762591,13762597,13762601,13762603,13762621,13762633,13762643,13762657,13762663,13762687,13762703,13762769,13762781,13762789,13762817,13762823,13762829,13762831,13762841,13762873,13762943,13762949,13762951,13762997,13763021,13763027,13763033,13763041,13763051,13763069,13763111,13763147,13763153,13763159,13763161,13763173,13763179,13763203,13763213,13763219,13763261,13763263,13763273,13763317,13763329,13763357,13763359,13763377,13763381,13763383,13763423,13763441,13763447,13763471,13763479,13763507,13763509,13763521,13763551,13763611,13763653,13763669,13763671,13763677,13763681,13763713,13763749,13763759,13763767,13763773,13763779,13763803,13763831,13763833,13763837,13763839,13763851,13763861,13763873,13763881,13763899,13763909,13763921,13763947,13763957,13763983,13764001,13764013,13764043,13764061,13764071,13764083,13764089,13764109,13764119,13764137,13764167,13764221,13764251,13764263,13764293,13764313,13764319,13764329,13764349,13764371,13764389,13764391,13764409,13764431,13764433,13764437,13764451,13764463,13764469,13764497,13764539,13764551,13764559,13764571,13764581,13764593,13764617,13764623,13764659,13764671,13764691,13764697,13764719,13764731,13764733,13764739,13764757,13764767,13764823,13764827,13764853,13764857,13764871,13764913,13764923,13764929,13764931,13764943,13764967,13764973,13764977,13764997,13765021,13765027,13765033,13765049,13765051,13765093,13765123,13765133,13765151,13765153,13765163,13765183,13765211,13765237,13765243,13765249,13765273,13765277,13765303,13765327,13765331,13765337,13765361,13765373,13765379,13765387,13765397,13765399,13765421,13765447,13765469,13765471,13765483,13765511,13765553,13765559,13765571,13765649,13765669,13765673,13765721,13765727,13765751,13765757,13765771,13765777,13765781,13765789,13765811,13765819,13765841,13765853,13765859,13765879,13765901,13765919,13765951,13765957,13765967,13765979,13765993,13766003,13766009,13766033,13766041,13766059,13766083,13766101,13766117,13766147,13766173,13766177,13766189,13766191,13766197,13766227,13766251,13766281,13766287,13766323,13766327,13766341,13766371,13766377,13766381,13766429,13766437,13766453,13766477,13766483,13766509,13766521,13766551,13766563,13766569,13766587,13766593,13766657,13766681,13766713,13766717,13766729,13766737,13766741,13766743,13766747,13766749,13766761,13766771,13766783,13766807,13766813,13766833,13766839,13766861,13766867,13766873,13766881,13766891,13766899,13766933,13766947,13766969,13766981,13766983,13766989,13767011,13767031,13767043,13767053,13767067,13767079,13767097,13767109,13767137,13767139,13767157,13767163,13767197,13767211,13767217,13767223,13767239,13767241,13767277,13767319,13767359,13767371,13767389,13767401,13767437,13767449,13767493,13767497,13767511,13767521,13767527,13767553,13767557,13767577,13767587,13767617,13767619,13767623,13767631,13767641,13767643,13767653,13767661,13767679,13767703,13767713,13767769,13767781,13767821,13767829,13767833,13767839,13767847,13767857,13767881,13767893,13767911,13767917,13767947,13767983,13768021,13768049,13768057,13768067,13768081,13768091,13768109,13768129,13768151,13768159,13768163,13768171,13768177,13768187,13768193,13768201,13768229,13768241,13768253,13768267,13768291,13768303,13768343,13768361,13768373,13768379,13768387,13768411,13768441,13768459,13768463,13768481,13768507,13768511,13768519,13768529,13768543,13768577,13768609,13768627,13768631,13768639,13768663,13768679,13768693,13768717,13768721,13768747,13768751,13768753,13768819,13768837,13768841,13768849,13768871,13768873,13768877,13768879,13768891,13768913,13768919,13768933,13768957,13768961,13769011,13769023,13769059,13769087,13769089,13769117,13769131,13769141,13769179,13769191,13769209,13769219,13769251,13769263,13769267,13769297,13769299,13769311,13769339,13769351,13769359,13769369,13769383,13769401,13769423,13769429,13769447,13769477,13769491,13769501,13769521,13769531,13769533,13769551,13769573,13769579,13769599,13769603,13769627,13769629,13769641,13769671,13769687,13769689,13769719,13769729,13769753,13769759,13769827,13769831,13769837,13769857,13769863,13769869,13769879,13769887,13769911,13769923,13769929,13769941,13769981,13770011,13770049,13770061,13770091,13770131,13770149,13770161,13770167,13770199,13770233,13770241,13770247,13770259,13770271,13770283,13770287,13770311,13770329,13770343,13770349,13770359,13770409,13770437,13770461,13770467,13770469,13770481,13770487,13770503,13770511,13770529,13770539,13770553,13770557,13770571,13770599,13770607,13770637,13770667,13770677,13770683,13770709,13770751,13770761,13770773,13770803,13770817,13770821,13770863,13770929,13770959,13770983,13771001,13771019,13771031,13771033,13771057,13771073,13771081,13771091,13771127,13771151,13771159,13771183,13771193,13771217,13771229,13771243,13771267,13771271,13771283,13771297,13771301,13771339,13771369,13771379,13771393,13771399,13771403,13771427,13771477,13771489,13771519,13771553,13771559,13771577,13771579,13771619,13771621,13771627,13771631,13771633,13771643,13771661,13771663,13771691,13771697,13771711,13771727,13771741,13771757,13771763,13771801,13771829,13771837,13771847,13771907,13771913,13771937,13771943,13771973,13771999,13772039,13772047,13772063,13772069,13772117,13772123,13772167,13772183,13772189,13772191,13772243,13772249,13772263,13772267,13772281,13772293,13772299,13772309,13772371,13772387,13772389,13772393,13772411,13772443,13772459,13772497,13772503,13772543,13772557,13772569,13772573,13772581,13772611,13772639,13772677,13772683,13772729,13772749,13772753,13772809,13772821,13772827,13772867,13772879,13772881,13772903,13772921,13772923,13772953,13772971,13772977,13773013,13773037,13773073,13773101,13773107,13773169,13773187,13773197,13773203,13773211,13773229,13773293,13773299,13773301,13773307,13773311,13773317,13773341,13773359,13773367,13773379,13773427,13773433,13773439,13773443,13773449,13773479,13773493,13773533,13773541,13773547,13773563,13773589,13773593,13773629,13773647,13773667,13773671,13773691,13773701,13773719,13773737,13773751,13773763,13773769,13773779,13773797,13773817,13773833,13773839,13773847,13773899,13773911,13773913,13773923,13773931,13773937,13773943,13773959,13773971,13773979,13774001,13774021,13774037,13774109,13774129,13774141,13774153,13774157,13774177,13774193,13774207,13774231,13774247,13774253,13774273,13774289,13774303,13774307,13774331,13774351,13774357,13774363,13774367,13774381,13774393,13774399,13774417,13774427,13774451,13774457,13774489,13774511,13774513,13774529,13774531,13774583,13774627,13774637,13774667,13774669,13774687,13774697,13774703,13774741,13774759,13774771,13774793,13774799,13774823,13774847,13774853,13774877,13774883,13774897,13774903,13774909,13774927,13774931,13774951,13774961,13774973,13774991,13774997,13775009,13775011,13775017,13775033,13775051,13775053,13775059,13775107,13775147,13775149,13775159,13775197,13775233,13775249,13775273,13775291,13775327,13775341,13775347,13775353,13775357,13775369,13775383,13775387,13775393,13775407,13775441,13775449,13775453,13775473,13775477,13775479,13775519,13775527,13775533,13775537,13775539,13775599,13775603,13775621,13775623,13775647,13775681,13775701,13775711,13775719,13775753,13775767,13775771,13775777,13775789,13775791,13775807,13775821,13775833,13775837,13775857,13775863,13775887,13775897,13775921,13775939,13775947,13775977,13775989,13775999,13776017,13776023,13776031,13776067,13776167,13776181,13776187,13776193,13776209,13776227,13776229,13776251,13776253,13776263,13776293,13776313,13776317,13776337,13776359,13776397,13776419,13776437,13776439,13776481,13776523,13776541,13776557,13776569,13776599,13776601,13776611,13776649,13776673,13776683,13776713,13776733,13776751,13776757,13776797,13776799,13776809,13776821,13776853,13776859,13776871,13776901,13776929,13776937,13776947,13776949,13777003,13777019,13777037,13777039,13777067,13777097,13777129,13777133,13777171,13777193,13777199,13777229,13777279,13777301,13777307,13777331,13777339,13777381,13777397,13777409,13777417,13777433,13777441,13777453,13777487,13777493,13777499,13777507,13777537,13777549,13777567,13777597,13777601,13777607,13777613,13777619,13777637,13777649,13777651,13777661,13777669,13777723,13777741,13777747,13777789,13777807,13777811,13777847,13777859,13777861,13777877,13777879,13777891,13777913,13777921,13777937,13777961,13777963,13777969,13777979,13778029,13778033,13778053,13778057,13778071,13778099,13778101,13778113,13778123,13778147,13778209,13778213,13778221,13778231,13778267,13778309,13778327,13778333,13778339,13778351,13778389,13778399,13778407,13778423,13778437,13778441,13778459,13778461,13778491,13778507,13778543,13778563,13778579,13778593,13778603,13778623,13778641,13778657,13778659,13778671,13778717,13778759,13778773,13778803,13778813,13778827,13778839,13778851,13778861,13778867,13778903,13778917,13778923,13778927,13778929,13778951,13778957,13778983,13779011,13779013,13779043,13779053,13779071,13779091,13779109,13779113,13779121,13779137,13779149,13779151,13779169,13779173,13779179,13779193,13779217,13779223,13779251,13779253,13779257,13779289,13779301,13779331,13779341,13779347,13779377,13779383,13779431,13779433,13779439,13779449,13779457,13779463,13779499,13779511,13779517,13779527,13779533,13779539,13779587,13779589,13779607,13779613,13779631,13779641,13779643,13779659,13779677,13779679,13779683,13779709,13779713,13779719,13779757,13779761,13779763,13779767,13779791,13779793,13779803,13779817,13779827,13779833,13779851,13779869,13779907,13779949,13779971,13779973,13780003,13780009,13780033,13780037,13780069,13780087,13780093,13780097,13780103,13780127,13780163,13780171,13780181,13780189,13780201,13780211,13780219,13780229,13780231,13780279,13780297,13780303,13780313,13780331,13780369,13780373,13780379,13780397,13780433,13780439,13780441,13780457,13780471,13780537,13780549,13780553,13780561,13780577,13780579,13780607,13780609,13780619,13780631,13780651,13780733,13780747,13780751,13780759,13780763,13780783,13780787,13780799,13780813,13780817,13780831,13780843,13780847,13780873,13780903,13780919,13780939,13780951,13780969,13780973,13780993,13781039,13781041,13781051,13781063,13781087,13781107,13781123,13781129,13781149,13781153,13781179,13781221,13781227,13781233,13781239,13781263,13781291,13781311,13781321,13781357,13781359,13781363,13781381,13781399,13781401,13781413,13781423,13781447,13781459,13781461,13781477,13781491,13781497,13781507,13781533,13781539,13781557,13781563,13781567,13781587,13781591,13781653,13781681,13781683,13781687,13781693,13781731,13781737,13781741,13781759,13781767,13781771,13781777,13781827,13781839,13781843,13781861,13781891,13781893,13781909,13781927,13781939,13781941,13781947,13781953,13781959,13781983,13782001,13782007,13782017,13782031,13782061,13782071,13782077,13782089,13782107,13782113,13782133,13782137,13782149,13782169,13782187,13782199,13782203,13782211,13782217,13782229,13782269,13782281,13782283,13782299,13782319,13782331,13782371,13782397,13782407,13782409,13782481,13782487,13782499,13782551,13782553,13782557,13782583,13782647,13782667,13782673,13782679,13782697,13782701,13782707,13782721,13782749,13782757,13782761,13782779,13782793,13782829,13782841,13782851,13782863,13782877,13782883,13782913,13782943,13782959,13782983,13783001,13783019,13783027,13783061,13783067,13783069,13783097,13783109,13783111,13783139,13783157,13783169,13783199,13783201,13783241,13783247,13783249,13783261,13783271,13783309,13783321,13783327,13783333,13783373,13783387,13783391,13783397,13783411,13783457,13783459,13783487,13783529,13783541,13783559,13783579,13783597,13783631,13783661,13783663,13783699,13783711,13783717,13783723,13783741,13783751,13783771,13783789,13783799,13783817,13783837,13783849,13783859,13783879,13783883,13783901,13783907,13783909,13783919,13783927,13783937,13783963,13783967,13784003,13784009,13784039,13784041,13784051,13784087,13784117,13784131,13784137,13784143,13784149,13784201,13784203,13784219,13784227,13784233,13784257,13784261,13784269,13784273,13784317,13784321,13784333,13784339,13784357,13784359,13784369,13784377,13784389,13784401,13784411,13784431,13784471,13784479,13784497,13784503,13784509,13784539,13784543,13784549,13784591,13784621,13784623,13784627,13784629,13784653,13784689,13784713,13784761,13784821,13784839,13784851,13784857,13784873,13784891,13784893,13784921,13784923,13784933,13784951,13784971,13785001,13785041,13785091,13785097,13785103,13785133,13785169,13785197,13785199,13785217,13785227,13785229,13785251,13785253,13785259,13785271,13785293,13785301,13785313,13785323,13785337,13785341,13785347,13785361,13785371,13785377,13785383,13785391,13785397,13785403,13785407,13785427,13785433,13785437,13785449,13785461,13785463,13785481,13785491,13785511,13785517,13785529,13785547,13785587,13785593,13785601,13785613,13785619,13785641,13785649,13785677,13785689,13785713,13785743,13785767,13785769,13785781,13785791,13785803,13785823,13785839,13785841,13785859,13785869,13785907,13785913,13785949,13785953,13785971,13785973,13785983,13786007,13786021,13786033,13786037,13786057,13786063,13786067,13786079,13786111,13786139,13786147,13786151,13786193,13786243,13786259,13786271,13786277,13786313,13786321,13786349,13786363,13786379,13786387,13786393,13786411,13786417,13786433,13786441,13786469,13786489,13786501,13786511,13786517,13786573,13786579,13786613,13786621,13786627,13786639,13786667,13786673,13786679,13786691,13786693,13786699,13786733,13786741,13786757,13786763,13786771,13786777,13786807,13786811,13786819,13786831,13786841,13786873,13786891,13786897,13786921,13786937,13786957,13786963,13786973,13787003,13787021,13787023,13787041,13787069,13787077,13787087,13787101,13787107,13787113,13787149,13787161,13787167,13787171,13787177,13787197,13787201,13787203,13787227,13787231,13787237,13787239,13787251,13787311,13787321,13787339,13787359,13787363,13787381,13787387,13787429,13787471,13787479,13787503,13787509,13787537,13787539,13787551,13787567,13787573,13787593,13787621,13787623,13787639,13787689,13787707,13787713,13787723,13787747,13787759,13787797,13787801,13787819,13787831,13787857,13787899,13787909,13787911,13787929,13787941,13787947,13787951,13787959,13787989,13787999,13788011,13788023,13788029,13788031,13788041,13788059,13788067,13788077,13788083,13788097,13788101,13788119,13788157,13788163,13788169,13788179,13788199,13788221,13788233,13788239,13788283,13788289,13788317,13788329,13788347,13788349,13788353,13788361,13788367,13788403,13788409,13788443,13788449,13788461,13788469,13788487,13788493,13788497,13788527,13788529,13788539,13788553,13788563,13788611,13788613,13788629,13788631,13788637,13788653,13788673,13788701,13788703,13788721,13788763,13788773,13788779,13788781,13788787,13788791,13788793,13788811,13788847,13788869,13788877,13788881,13788911,13788917,13788923,13788941,13788947,13788953,13788959,13788961,13788967,13788979,13788991,13789019,13789033,13789093,13789103,13789133,13789151,13789163,13789177,13789199,13789201,13789207,13789211,13789241,13789247,13789249,13789253,13789273,13789289,13789313,13789343,13789361,13789367,13789387,13789403,13789417,13789439,13789441,13789469,13789543,13789553,13789577,13789597,13789603,13789609,13789613,13789619,13789621,13789663,13789679,13789697,13789733,13789793,13789837,13789859,13789861,13789871,13789889,13789933,13789939,13789957,13789961,13789967,13789999,13790027,13790033,13790039,13790047,13790059,13790069,13790083,13790089,13790093,13790107,13790113,13790173,13790177,13790207,13790243,13790251,13790263,13790297,13790303,13790311,13790321,13790347,13790351,13790369,13790389,13790419,13790437,13790449,13790459,13790471,13790509,13790521,13790527,13790531,13790551,13790563,13790611,13790663,13790669,13790671,13790683,13790687,13790729,13790737,13790741,13790767,13790779,13790797,13790813,13790839,13790849,13790879,13790911,13790923,13790957,13790963,13791049,13791061,13791103,13791119,13791133,13791137,13791143,13791149,13791157,13791179,13791181,13791209,13791221,13791223,13791227,13791229,13791241,13791251,13791263,13791277,13791299,13791317,13791319,13791341,13791367,13791377,13791389,13791409,13791451,13791469,13791487,13791499,13791509,13791517,13791521,13791523,13791527,13791541,13791571,13791581,13791601,13791611,13791623,13791637,13791643,13791649,13791667,13791689,13791721,13791731,13791769,13791779,13791793,13791797,13791823,13791829,13791857,13791859,13791923,13791937,13791941,13791959,13791961,13791971,13791977,13792001,13792061,13792067,13792069,13792087,13792091,13792123,13792127,13792133,13792147,13792159,13792169,13792171,13792183,13792187,13792217,13792267,13792279,13792297,13792343,13792351,13792357,13792367,13792369,13792393,13792403,13792409,13792411,13792417,13792447,13792463,13792469,13792477,13792481,13792501,13792507,13792511,13792517,13792543,13792549,13792591,13792609,13792619,13792631,13792643,13792699,13792703,13792711,13792733,13792759,13792787,13792789,13792811,13792813,13792817,13792819,13792837,13792853,13792873,13792907,13792913,13792927,13792931,13792973,13793011,13793027,13793033,13793041,13793053,13793057,13793063,13793071,13793081,13793093,13793111,13793141,13793147,13793149,13793159,13793191,13793237,13793249,13793291,13793323,13793327,13793333,13793347,13793363,13793369,13793401,13793413,13793431,13793441,13793453,13793459,13793471,13793501,13793509,13793519,13793539,13793557,13793573,13793587,13793599,13793603,13793609,13793641,13793651,13793653,13793683,13793693,13793707,13793713,13793719,13793723,13793761,13793777,13793789,13793803,13793831,13793837,13793839,13793849,13793881,13793887,13793891,13793909,13793911,13793921,13793929,13793947,13793959,13793971,13794017,13794029,13794031,13794037,13794041,13794047,13794049,13794071,13794103,13794149,13794167,13794173,13794197,13794233,13794239,13794241,13794307,13794311,13794317,13794331,13794337,13794373,13794379,13794383,13794419,13794449,13794461,13794509,13794523,13794533,13794541,13794587,13794607,13794611,13794617,13794619,13794623,13794629,13794637,13794653,13794679,13794689,13794707,13794727,13794751,13794757,13794763,13794791,13794797,13794799,13794827,13794839,13794857,13794881,13794919,13794929,13794953,13794971,13795021,13795037,13795051,13795057,13795063,13795069,13795073,13795079,13795123,13795151,13795157,13795169,13795183,13795207,13795237,13795241,13795247,13795253,13795259,13795291,13795307,13795343,13795361,13795363,13795373,13795409,13795417,13795429,13795477,13795531,13795541,13795547,13795549,13795567,13795571,13795583,13795601,13795633,13795637,13795643,13795657,13795667,13795669,13795673,13795681,13795751,13795753,13795757,13795787,13795799,13795807,13795829,13795861,13795867,13795871,13795907,13795933,13795937,13795987,13796009,13796039,13796053,13796063,13796089,13796093,13796117,13796119,13796143,13796149,13796161,13796173,13796179,13796201,13796207,13796221,13796267,13796269,13796281,13796287,13796291,13796303,13796317,13796327,13796329,13796351,13796353,13796359,13796369,13796429,13796437,13796441,13796467,13796479,13796551,13796567,13796569,13796599,13796611,13796617,13796633,13796659,13796681,13796683,13796743,13796749,13796759,13796771,13796777,13796807,13796821,13796863,13796873,13796879,13796921,13796929,13796957,13796963,13796977,13797019,13797029,13797031,13797061,13797071,13797089,13797101,13797103,13797107,13797137,13797143,13797151,13797167,13797169,13797181,13797193,13797221,13797229,13797239,13797241,13797247,13797253,13797293,13797299,13797347,13797349,13797379,13797383,13797391,13797397,13797409,13797419,13797431,13797451,13797457,13797473,13797481,13797521,13797527,13797541,13797569,13797577,13797599,13797611,13797613,13797617,13797653,13797673,13797701,13797731,13797739,13797767,13797809,13797851,13797859,13797871,13797887,13797899,13797919,13797947,13797977,13797989,13797991,13798021,13798039,13798051,13798087,13798097,13798111,13798157,13798159,13798163,13798177,13798207,13798217,13798247,13798277,13798283,13798303,13798319,13798327,13798331,13798333,13798349,13798363,13798381,13798409,13798429,13798451,13798453,13798457,13798483,13798489,13798511,13798513,13798523,13798537,13798549,13798559,13798607,13798621,13798639,13798651,13798661,13798663,13798699,13798703,13798711,13798723,13798727,13798739,13798753,13798787,13798793,13798843,13798877,13798879,13798901,13798907,13798909,13798933,13798949,13798963,13798969,13798987,13798991,13799003,13799021,13799069,13799077,13799081,13799089,13799129,13799161,13799171,13799197,13799207,13799209,13799249,13799281,13799293,13799297,13799299,13799321,13799351,13799399,13799459,13799479,13799501,13799519,13799531,13799537,13799549,13799551,13799579,13799581,13799587,13799593,13799627,13799651,13799659,13799713,13799741,13799749,13799759,13799761,13799771,13799777,13799791,13799803,13799827,13799831,13799887,13799917,13799921,13799939,13800013,13800019,13800049,13800071,13800077,13800097,13800103,13800113,13800121,13800131,13800151,13800167,13800173,13800179,13800181,13800197,13800203,13800211,13800217,13800221,13800307,13800329,13800331,13800359,13800373,13800389,13800443,13800467,13800473,13800497,13800503,13800509,13800533,13800541,13800551,13800557,13800581,13800629,13800637,13800653,13800671,13800679,13800737,13800757,13800791,13800793,13800799,13800841,13800863,13800883,13800931,13800937,13800949,13800953,13801003,13801027,13801043,13801091,13801097,13801121,13801159,13801199,13801213,13801261,13801273,13801283,13801301,13801309,13801313,13801327,13801351,13801363,13801367,13801387,13801393,13801483,13801499,13801507,13801523,13801561,13801573,13801577,13801589,13801607,13801621,13801661,13801663,13801681,13801687,13801717,13801729,13801747,13801763,13801787,13801849,13801861,13801867,13801873,13801927,13801937,13801939,13801951,13801967,13801969,13801981,13801993,13802003,13802051,13802053,13802069,13802071,13802077,13802083,13802123,13802141,13802149,13802179,13802197,13802213,13802219,13802237,13802263,13802267,13802273,13802293,13802297,13802333,13802353,13802377,13802407,13802423,13802429,13802431,13802447,13802449,13802483,13802513,13802543,13802567,13802587,13802597,13802617,13802639,13802641,13802647,13802669,13802671,13802681,13802689,13802693,13802713,13802749,13802777,13802791,13802807,13802849,13802851,13802857,13802863,13802891,13802903,13802909,13802917,13802939,13802941,13802951,13802977,13802981,13802989,13803011,13803067,13803073,13803079,13803089,13803121,13803137,13803143,13803169,13803173,13803221,13803233,13803259,13803311,13803319,13803389,13803403,13803421,13803451,13803467,13803469,13803499,13803547,13803577,13803583,13803589,13803617,13803631,13803653,13803659,13803661,13803667,13803697,13803707,13803733,13803737,13803743,13803793,13803799,13803827,13803833,13803851,13803859,13803871,13803877,13803883,13803893,13803917,13803919,13803931,13803941,13803953,13803961,13803991,13804019,13804027,13804039,13804057,13804061,13804069,13804079,13804103,13804111,13804121,13804123,13804139,13804157,13804181,13804199,13804201,13804213,13804237,13804243,13804267,13804277,13804303,13804309,13804313,13804337,13804339,13804379,13804409,13804411,13804421,13804429,13804451,13804463,13804471,13804481,13804487,13804489,13804501,13804513,13804529,13804537,13804541,13804547,13804559,13804573,13804597,13804603,13804619,13804631,13804657,13804673,13804691,13804723,13804729,13804733,13804753,13804757,13804759,13804787,13804789,13804801,13804831,13804859,13804883,13804891,13804897,13804909,13804913,13804927,13804933,13804961,13804993,13805009,13805041,13805047,13805053,13805059,13805087,13805089,13805101,13805117,13805119,13805147,13805159,13805161,13805179,13805201,13805219,13805237,13805257,13805287,13805291,13805293,13805303,13805317,13805321,13805327,13805347,13805369,13805371,13805401,13805431,13805437,13805443,13805471,13805501,13805503,13805507,13805521,13805527,13805531,13805593,13805629,13805641,13805651,13805657,13805663,13805669,13805677,13805731,13805741,13805747,13805749,13805767,13805777,13805797,13805801,13805809,13805821,13805839,13805843,13805851,13805861,13805863,13805873,13805899,13805903,13805923,13805927,13805933,13805969,13805977,13805983,13806019,13806047,13806071,13806073,13806077,13806083,13806101,13806113,13806127,13806131,13806211,13806229,13806239,13806241,13806257,13806259,13806269,13806281,13806283,13806319,13806323,13806337,13806343,13806361,13806389,13806409,13806433,13806451,13806461,13806467,13806473,13806487,13806491,13806493,13806497,13806503,13806539,13806547,13806571,13806577,13806607,13806643,13806671,13806691,13806713,13806719,13806733,13806761,13806763,13806769,13806797,13806799,13806803,13806833,13806851,13806853,13806857,13806869,13806887,13806899,13806917,13806931,13806943,13806953,13806971,13806973,13806979,13807019,13807063,13807081,13807099,13807109,13807141,13807151,13807163,13807177,13807181,13807187,13807229,13807231,13807249,13807273,13807279,13807301,13807361,13807373,13807379,13807397,13807399,13807403,13807421,13807463,13807481,13807489,13807543,13807559,13807589,13807639,13807657,13807667,13807669,13807691,13807709,13807733,13807753,13807769,13807817,13807823,13807831,13807837,13807841,13807847,13807861,13807873,13807879,13807883,13807903,13807907,13807909,13807949,13807951,13807967,13807991,13807999,13808071,13808101,13808153,13808167,13808189,13808191,13808209,13808251,13808281,13808287,13808351,13808357,13808359,13808401,13808449,13808453,13808467,13808477,13808479,13808491,13808503,13808507,13808519,13808527,13808549,13808551,13808593,13808603,13808623,13808651,13808657,13808681,13808689,13808699,13808731,13808749,13808761,13808783,13808791,13808813,13808831,13808869,13808887,13808903,13808909,13808911,13808917,13808941,13808969,13809011,13809013,13809031,13809053,13809071,13809073,13809113,13809137,13809139,13809157,13809161,13809163,13809179,13809209,13809227,13809277,13809283,13809293,13809311,13809331,13809359,13809373,13809377,13809413,13809421,13809431,13809443,13809449,13809451,13809461,13809479,13809487,13809517,13809533,13809553,13809557,13809569,13809583,13809589,13809611,13809613,13809641,13809643,13809647,13809667,13809673,13809707,13809709,13809749,13809773,13809779,13809791,13809799,13809811,13809823,13809841,13809847,13809871,13809881,13809883,13809919,13809937,13809949,13809977,13810031,13810037,13810079,13810081,13810087,13810091,13810099,13810127,13810163,13810187,13810201,13810211,13810231,13810243,13810249,13810259,13810261,13810289,13810301,13810319,13810331,13810333,13810337,13810367,13810403,13810421,13810427,13810441,13810451,13810457,13810463,13810483,13810487,13810493,13810513,13810523,13810529,13810541,13810547,13810561,13810567,13810571,13810631,13810669,13810673,13810679,13810691,13810711,13810721,13810723,13810751,13810759,13810781,13810789,13810807,13810813,13810831,13810837,13810847,13810877,13810883,13810921,13810933,13810939,13810963,13810981,13810999,13811023,13811029,13811051,13811053,13811087,13811113,13811131,13811159,13811173,13811177,13811183,13811207,13811209,13811227,13811243,13811261,13811263,13811269,13811297,13811321,13811341,13811351,13811359,13811387,13811407,13811419,13811459,13811489,13811507,13811519,13811533,13811549,13811573,13811587,13811593,13811617,13811621,13811639,13811653,13811657,13811663,13811669,13811687,13811713,13811719,13811737,13811773,13811779,13811789,13811797,13811813,13811839,13811857,13811893,13811909,13811923,13811953,13811977,13812011,13812017,13812023,13812037,13812059,13812061,13812067,13812083,13812089,13812101,13812157,13812163,13812173,13812187,13812191,13812193,13812199,13812209,13812217,13812229,13812233,13812263,13812287,13812289,13812301,13812311,13812319,13812349,13812361,13812419,13812437,13812451,13812467,13812481,13812511,13812521,13812571,13812583,13812607,13812661,13812683,13812707,13812713,13812727,13812739,13812767,13812793,13812797,13812809,13812833,13812853,13812863,13812907,13812919,13812977,13812983,13812989,13812991,13813013,13813039,13813081,13813097,13813123,13813127,13813147,13813153,13813169,13813181,13813201,13813207,13813211,13813213,13813223,13813237,13813297,13813307,13813313,13813357,13813369,13813411,13813417,13813421,13813439,13813451,13813463,13813477,13813487,13813517,13813561,13813567,13813577,13813637,13813643,13813649,13813651,13813699,13813721,13813733,13813757,13813759,13813771,13813783,13813799,13813801,13813829,13813841,13813873,13813883,13813901,13813903,13813927,13813937,13813951,13813963,13813991,13813997,13814027,13814029,13814033,13814039,13814077,13814107,13814111,13814113,13814117,13814123,13814131,13814173,13814221,13814233,13814249,13814263,13814279,13814303,13814321,13814323,13814341,13814351,13814371,13814389,13814393,13814419,13814441,13814443,13814453,13814459,13814461,13814473,13814497,13814519,13814533,13814573,13814597,13814611,13814621,13814629,13814639,13814677,13814681,13814707,13814711,13814719,13814753,13814771,13814777,13814783,13814807,13814819,13814831,13814861,13814873,13814887,13814893,13814903,13814921,13814939,13814951,13814953,13814959,13814963,13814989,13815001,13815017,13815037,13815047,13815059,13815077,13815079,13815149,13815161,13815167,13815173,13815209,13815229,13815233,13815253,13815257,13815289,13815301,13815311,13815317,13815331,13815343,13815359,13815371,13815383,13815421,13815437,13815449,13815481,13815497,13815523,13815533,13815551,13815569,13815589,13815619,13815623,13815643,13815649,13815661,13815667,13815671,13815673,13815691,13815721,13815749,13815751,13815773,13815779,13815821,13815827,13815871,13815877,13815887,13815899,13815913,13815937,13816013,13816027,13816037,13816051,13816079,13816081,13816163,13816193,13816213,13816217,13816241,13816247,13816259,13816277,13816279,13816333,13816337,13816357,13816381,13816391,13816403,13816409,13816417,13816423,13816433,13816463,13816493,13816501,13816507,13816511,13816531,13816559,13816571,13816603,13816633,13816639,13816643,13816657,13816661,13816681,13816687,13816697,13816709,13816741,13816753,13816757,13816763,13816787,13816823,13816837,13816843,13816853,13816867,13816871,13816879,13816897,13816921,13816931,13816939,13816961,13816967,13816969,13816973,13816981,13816987,13816993,13817003,13817029,13817053,13817057,13817059,13817081,13817101,13817113,13817117,13817119,13817143,13817159,13817191,13817197,13817207,13817213,13817249,13817261,13817267,13817291,13817327,13817329,13817341,13817357,13817371,13817399,13817431,13817437,13817443,13817459,13817467,13817509,13817519,13817561,13817569,13817593,13817597,13817627,13817689,13817707,13817737,13817743,13817819,13817827,13817849,13817857,13817863,13817893,13817897,13817929,13817933,13817987,13818017,13818023,13818043,13818053,13818071,13818109,13818137,13818139,13818143,13818151,13818163,13818169,13818191,13818197,13818199,13818223,13818227,13818253,13818289,13818313,13818323,13818341,13818349,13818373,13818383,13818397,13818401,13818439,13818451,13818457,13818473,13818479,13818481,13818487,13818503,13818509,13818521,13818533,13818551,13818559,13818577,13818589,13818617,13818619,13818631,13818647,13818661,13818667,13818689,13818731,13818751,13818769,13818787,13818811,13818821,13818829,13818853,13818863,13818869,13818887,13818907,13818913,13818967,13818989,13819007,13819033,13819037,13819049,13819097,13819111,13819121,13819133,13819171,13819177,13819187,13819189,13819199,13819207,13819217,13819231,13819243,13819259,13819261,13819271,13819279,13819291,13819301,13819313,13819331,13819349,13819361,13819381,13819387,13819427,13819433,13819447,13819471,13819499,13819513,13819523,13819541,13819567,13819577,13819579,13819607,13819609,13819627,13819633,13819639,13819643,13819649,13819651,13819679,13819681,13819693,13819717,13819721,13819723,13819753,13819781,13819801,13819811,13819837,13819843,13819847,13819853,13819879,13819891,13819901,13819903,13819919,13819933,13819943,13819951,13819957,13819991,13820041,13820047,13820083,13820111,13820113,13820117,13820123,13820161,13820173,13820179,13820189,13820237,13820293,13820299,13820381,13820383,13820393,13820399,13820407,13820431,13820449,13820453,13820459,13820461,13820483,13820489,13820503,13820509,13820531,13820551,13820561,13820563,13820591,13820593,13820603,13820621,13820623,13820629,13820633,13820671,13820687,13820713,13820743,13820747,13820767,13820801,13820819,13820843,13820857,13820887,13820897,13820903,13820957,13820959,13820981,13821007,13821019,13821043,13821047,13821053,13821061,13821079,13821121,13821161,13821167,13821169,13821179,13821209,13821211,13821217,13821233,13821251,13821253,13821263,13821293,13821299,13821307,13821329,13821343,13821373,13821377,13821383,13821407,13821427,13821449,13821463,13821473,13821481,13821503,13821523,13821539,13821541,13821571,13821581,13821583,13821589,13821637,13821649,13821653,13821659,13821667,13821671,13821677,13821707,13821733,13821779,13821811,13821823,13821839,13821853,13821869,13821881,13821887,13821889,13821931,13821953,13821959,13821971,13822007,13822031,13822093,13822099,13822147,13822157,13822217,13822223,13822243,13822247,13822297,13822327,13822339,13822363,13822409,13822433,13822439,13822447,13822463,13822469,13822483,13822489,13822511,13822541,13822583,13822607,13822619,13822631,13822637,13822639,13822657,13822663,13822667,13822681,13822687,13822723,13822741,13822801,13822811,13822817,13822829,13822847,13822859,13822901,13822927,13822957,13822967,13822979,13822981,13822997,13822999,13823003,13823011,13823021,13823039,13823041,13823059,13823063,13823071,13823077,13823087,13823099,13823107,13823113,13823119,13823129,13823141,13823153,13823197,13823209,13823221,13823231,13823269,13823281,13823309,13823333,13823347,13823351,13823371,13823377,13823387,13823417,13823429,13823441,13823471,13823473,13823477,13823479,13823497,13823503,13823531,13823539,13823549,13823581,13823591,13823611,13823617,13823627,13823717,13823723,13823729,13823741,13823743,13823767,13823779,13823801,13823813,13823819,13823827,13823837,13823863,13823879,13823891,13823921,13823947,13823951,13823959,13823987,13824017,13824023,13824049,13824059,13824089,13824091,13824119,13824121,13824169,13824211,13824227,13824241,13824263,13824269,13824277,13824301,13824319,13824323,13824337,13824341,13824353,13824359,13824367,13824373,13824379,13824401,13824407,13824409,13824443,13824463,13824479,13824487,13824511,13824529,13824583,13824593,13824607,13824617,13824631,13824653,13824659,13824673,13824683,13824697,13824709,13824719,13824739,13824743,13824781,13824787,13824809,13824841,13824901,13824911,13824917,13824947,13824953,13824971,13824983,13824991,13825033,13825037,13825043,13825051,13825067,13825069,13825099,13825111,13825129,13825157,13825177,13825193,13825213,13825243,13825247,13825261,13825271,13825283,13825289,13825291,13825303,13825307,13825351,13825367,13825387,13825391,13825453,13825463,13825477,13825501,13825549,13825579,13825583,13825613,13825619,13825627,13825649,13825667,13825681,13825687,13825697,13825703,13825717,13825741,13825751,13825769,13825771,13825807,13825813,13825817,13825831,13825853,13825873,13825909,13825937,13825957,13825963,13825993,13826003,13826017,13826023,13826039,13826041,13826081,13826101,13826107,13826147,13826159,13826161,13826171,13826179,13826207,13826213,13826221,13826233,13826249,13826251,13826257,13826261,13826297,13826303,13826311,13826339,13826369,13826383,13826387,13826401,13826447,13826489,13826513,13826539,13826557,13826563,13826573,13826599,13826621,13826629,13826639,13826653,13826663,13826677,13826689,13826767,13826777,13826783,13826807,13826821,13826843,13826849,13826921,13826929,13826941,13826947,13826959,13826971,13826983,13826993,13827007,13827013,13827043,13827049,13827061,13827067,13827101,13827109,13827119,13827131,13827139,13827157,13827169,13827173,13827197,13827211,13827217,13827227,13827241,13827257,13827263,13827277,13827283,13827311,13827313,13827337,13827367,13827377,13827397,13827431,13827469,13827487,13827491,13827493,13827509,13827521,13827557,13827589,13827599,13827617,13827629,13827637,13827673,13827689,13827703,13827713,13827719,13827721,13827731,13827743,13827757,13827769,13827787,13827799,13827833,13827911,13827941,13827943,13827949,13827971,13827977,13828039,13828043,13828057,13828079,13828091,13828093,13828109,13828147,13828153,13828169,13828183,13828189,13828207,13828211,13828247,13828253,13828261,13828271,13828279,13828303,13828349,13828351,13828379,13828391,13828411,13828459,13828487,13828513,13828559,13828571,13828579,13828583,13828631,13828651,13828673,13828687,13828691,13828723,13828777,13828799,13828807,13828817,13828823,13828831,13828847,13828873,13828877,13828889,13828891,13828897,13828921,13828933,13828937,13828949,13828961,13828963,13828987,13828993,13829051,13829059,13829063,13829071,13829099,13829111,13829117,13829119,13829129,13829149,13829159,13829171,13829173,13829213,13829219,13829227,13829239,13829243,13829251,13829261,13829267,13829293,13829297,13829311,13829323,13829351,13829357,13829363,13829383,13829393,13829399,13829407,13829419,13829461,13829467,13829471,13829479,13829507,13829533,13829561,13829567,13829579,13829591,13829603,13829623,13829639,13829657,13829677,13829713,13829741,13829773,13829821,13829843,13829867,13829869,13829899,13829917,13829947,13829987,13830001,13830007,13830049,13830053,13830059,13830101,13830121,13830127,13830149,13830169,13830203,13830209,13830211,13830217,13830227,13830239,13830251,13830253,13830259,13830263,13830269,13830277,13830281,13830283,13830319,13830331,13830343,13830353,13830389,13830413,13830431,13830437,13830457,13830473,13830491,13830497,13830527,13830529,13830533,13830541,13830559,13830577,13830581,13830589,13830599,13830611,13830617,13830623,13830629,13830631,13830667,13830679,13830697,13830701,13830703,13830757,13830763,13830769,13830781,13830787,13830811,13830829,13830833,13830851,13830863,13830881,13830923,13830953,13830983,13830989,13830997,13831009,13831043,13831049,13831067,13831093,13831121,13831159,13831163,13831247,13831249,13831253,13831277,13831283,13831331,13831339,13831343,13831351,13831361,13831393,13831397,13831409,13831417,13831427,13831453,13831459,13831469,13831501,13831513,13831537,13831541,13831577,13831589,13831603,13831607,13831619,13831621,13831627,13831633,13831667,13831669,13831679,13831687,13831703,13831721,13831729,13831733,13831739,13831777,13831817,13831823,13831837,13831841,13831847,13831861,13831871,13831879,13831891,13831903,13831919,13831957,13831963,13832009,13832011,13832041,13832069,13832081,13832087,13832089,13832123,13832141,13832167,13832173,13832219,13832227,13832239,13832243,13832251,13832263,13832267,13832279,13832281,13832309,13832317,13832327,13832341,13832387,13832389,13832393,13832419,13832473,13832501,13832519,13832521,13832537,13832569,13832579,13832587,13832641,13832701,13832719,13832737,13832743,13832759,13832761,13832771,13832773,13832803,13832807,13832809,13832831,13832869,13832873,13832881,13832939,13832953,13832957,13832981,13832999,13833013,13833047,13833049,13833077,13833089,13833119,13833133,13833139,13833179,13833187,13833191,13833247,13833251,13833269,13833271,13833283,13833293,13833307,13833367,13833389,13833431,13833433,13833437,13833439,13833467,13833497,13833499,13833581,13833593,13833601,13833613,13833623,13833629,13833679,13833683,13833713,13833749,13833751,13833761,13833773,13833791,13833797,13833803,13833817,13833821,13833823,13833857,13833871,13833877,13833887,13833913,13833943,13833949,13833979,13833991,13833997,13834001,13834019,13834049,13834057,13834087,13834103